"V1"	"V1"	"V1"	"V1"	"V1"	"V1"
"1"	0.233989592101736	0.184335135521634	0.132895098620242	0.0935424872287882	0.0720217707912797	0.283215915736323
"2"	0.234284052126353	0.184392552442002	0.132878897354181	0.09348400640221	0.0719514934744129	0.283008998200833
"3"	0.23458901144243	0.1844521357391	0.132862063535819	0.0934235233719838	0.0718788487387958	0.282794417171863
"4"	0.234904509906747	0.184513870657206	0.132844569219904	0.093361023223153	0.0718038234779347	0.282572203515046
"5"	0.23523055466325	0.184577732926995	0.132826384298177	0.0932964967497814	0.0717264118312635	0.282342419530538
"6"	0.235567099951227	0.184643686670798	0.132807482108794	0.0932299436733479	0.0716466198273283	0.282105167768502
"7"	0.235914138278462	0.184711692892674	0.132787824286867	0.0931613547847519	0.071564440942154	0.281860548815093
"8"	0.236271492981052	0.184781691521161	0.132767390510255	0.0930907550293125	0.0714799131051627	0.281608756853046
"9"	0.236639193480965	0.184853645694261	0.132746138109006	0.0930181258000606	0.0713930193358664	0.281349877579857
"10"	0.237016942118395	0.184927448718193	0.132724035230203	0.0929435094615945	0.0713038177371987	0.281084246734404
"11"	0.237404631875061	0.185003042022659	0.132701049159911	0.0928669129856663	0.0712123249013851	0.280812039055295
"12"	0.237801982054611	0.185080314875929	0.132677141522342	0.0927883751998995	0.0711185934221561	0.280533592925074
"13"	0.238208793888896	0.185159172373288	0.132652271068734	0.0927079146803882	0.071022654306182	0.280249193682519
"14"	0.238624708380425	0.185239493037799	0.132626407341667	0.0926255848002845	0.0709245795530065	0.279959226886812
"15"	0.239049462143746	0.185321157037772	0.132599503121893	0.092541414591323	0.0708244126663051	0.279664050438969
"16"	0.23948262858423	0.185404016224591	0.132571521570072	0.0924554654407227	0.0707222355975629	0.279364132582819
"17"	0.239923839458538	0.185487928890721	0.1325424196201	0.0923677857456258	0.0706181158281439	0.279059910456859
"18"	0.24037256172415	0.185572715588779	0.132512159360229	0.0922784547094044	0.0705121572891964	0.278751951328239
"19"	0.240828387934611	0.185658216294768	0.132480691776965	0.0921875241630556	0.0704044316059536	0.278440748224629
"20"	0.24129077005408	0.185744243563948	0.132447976998225	0.09209507396197	0.0702950447075427	0.278126890714227
"21"	0.241759138312148	0.185830601214257	0.132413970631681	0.0920011885997536	0.070184106259679	0.277810994982488
"22"	0.24223287418088	0.185917073152441	0.132378627038318	0.0919059539411773	0.0700717304814246	0.277493741205751
"23"	0.242711334204145	0.1860034373382	0.132341898036055	0.0918094654655585	0.0699580411041037	0.277175823851938
"24"	0.243193990169754	0.186089514911971	0.132303748944096	0.0917117980768449	0.0698431385912865	0.276857809306047
"25"	0.243679969542219	0.186175009807319	0.132264122902057	0.0916130819455854	0.0697271882824638	0.276540627520344
"26"	0.244168602668649	0.186259695040369	0.132222977288788	0.0915134134796003	0.0696103169057371	0.276224994616855
"27"	0.244659056895291	0.186343299834175	0.132180268562165	0.0914129196246337	0.0694926861982792	0.275911768885454
"28"	0.245150634584558	0.186425584274718	0.132135952483896	0.0913117005910635	0.0693744259225408	0.27560170214323
"29"	0.245642520407138	0.186506276298941	0.132089981997477	0.0912098784385216	0.0692556918784787	0.275295650979454
"30"	0.246133875759589	0.186585100110031	0.132042314707446	0.091107577522955	0.0691366440024617	0.274994487897527
"31"	0.246623842381085	0.186661770793675	0.131992904481598	0.091004926866924	0.0690174446753853	0.274699110801323
"32"	0.247111439921352	0.186735976335214	0.131941712452299	0.0909020763124777	0.0688982837576626	0.274410511221
"33"	0.247596018335864	0.186807483233275	0.131888693393007	0.0907991163245	0.0687792779389077	0.274129410774446
"34"	0.248076338429531	0.186875919937924	0.131833817651554	0.090696246897703	0.0686606748453867	0.273857002237894
"35"	0.248551847044708	0.186941065670697	0.131777030324599	0.0905935361717541	0.0685425647568665	0.273593956031365
"36"	0.249021381431687	0.187002576637382	0.131718309394602	0.0904911726025546	0.0684251805711621	0.27334137936261
"37"	0.249484116989799	0.187060168128945	0.131657611192456	0.0903892761638706	0.0683086727363724	0.273100154788559
"38"	0.249939124030081	0.187113545912402	0.131594907268453	0.0902879899449592	0.0681932192838205	0.272871213560287
"39"	0.250385522396943	0.187162422893391	0.131530166671156	0.0901874478419584	0.0680789851539939	0.272655455042564
"40"	0.25082229703712	0.187206485561817	0.131463365826443	0.0900878104919028	0.067966168604617	0.2724538724781
"41"	0.251248721398895	0.187245479701637	0.131394470045663	0.0899891808524086	0.0678548972899719	0.272267250711422
"42"	0.251663713995979	0.187279086319083	0.131323469987461	0.0898917375062785	0.0677453867401137	0.272096605451083
"43"	0.252066490610632	0.187307039648453	0.131250336732926	0.0897955940812719	0.0676377773562749	0.271942761570434
"44"	0.252456306028968	0.187329110238376	0.131175066707192	0.0897008694865973	0.0675322134952988	0.271806434043558
"45"	0.252832214909399	0.187344992517189	0.131097632522541	0.089607710835889	0.0674288693715147	0.271688579843452
"46"	0.253193436628624	0.187354451728453	0.131018040786504	0.0895162453063649	0.0673278987448357	0.271589926805217
"47"	0.253539032501304	0.187357196792213	0.130936279986606	0.0894266189705282	0.0672294755258032	0.271511396223558
"48"	0.253868605884142	0.187353105868811	0.130852365241534	0.08933890091512	0.0671336756638892	0.271453346426501
"49"	0.254181097362462	0.187341841028923	0.130766277077007	0.089253251695188	0.0670406936168931	0.271416839219519
"50"	0.254475881378835	0.187323226648006	0.13067803987824	0.0891697833902283	0.0669506565386102	0.271402412166079
"51"	0.254752512313096	0.187297124454999	0.130587673090485	0.0890885670311043	0.0668636423810824	0.271410480729243
"52"	0.25501012803462	0.187263277604309	0.13049518359228	0.0890097468461931	0.0667798162784991	0.271441847644108
"53"	0.255248317766359	0.187221569852902	0.130400607976532	0.0889333929858096	0.0666992551346911	0.271496856283705
"54"	0.255466484259548	0.187171824170623	0.130303963718508	0.0888596073379197	0.0666220722296446	0.271576048283751
"55"	0.255664133609224	0.187113912018158	0.130205296801906	0.0887884809004688	0.0665483636750846	0.271679812995167
"56"	0.255840902709937	0.187047723650165	0.130104635854415	0.0887200769722703	0.066478194246887	0.271808466566323
"57"	0.255996193712119	0.186973102574477	0.130002026875272	0.0886545059823745	0.0664116811085881	0.271962489747166
"58"	0.256129820936012	0.186890009913323	0.129897522193267	0.0885918080427529	0.0663488608330843	0.27214197808156
"59"	0.256241434468722	0.186798364581243	0.129791178281878	0.0885320552421461	0.066289801877423	0.27234716554859
"60"	0.25633076776917	0.186698105715236	0.129683050220994	0.0884753039626539	0.0662345542721039	0.272578218059849
"61"	0.256397651869977	0.186589217189742	0.129573209047865	0.0884215989542439	0.0661831557367482	0.272835167201422
"62"	0.256441851218365	0.186471647441142	0.129461714137749	0.0883709943330536	0.0661356502522139	0.273118142617472
"63"	0.256463291353127	0.186345417631678	0.129348649071348	0.0883235245199804	0.066092059116768	0.273427058307103
"64"	0.256461857996624	0.18621052377772	0.129234084719952	0.0882792273464996	0.0660524058581509	0.273761900301053
"65"	0.25643763523845	0.186067036888487	0.129118115629118	0.0882381134767642	0.0660166817936546	0.274122416973525
"66"	0.256390556785074	0.185914970011828	0.129000813960581	0.0882002159910129	0.0659849018893089	0.274508541362196
"67"	0.256320790182551	0.185754428661024	0.128882285888271	0.0881655351287093	0.0659570426264402	0.274919917513001
"68"	0.256228374162024	0.185585470341365	0.128762619348358	0.088134089829407	0.0659331041125675	0.27535634220628
"69"	0.256113546697992	0.185408216974829	0.12864191244101	0.0881058706937604	0.0659130477689176	0.275817405423489
"70"	0.255976495639456	0.185222780863211	0.12852027023562	0.0880808794428574	0.0658968481875744	0.276302725631275
"71"	0.255817484473911	0.185029297721412	0.128397791135177	0.088059101243076	0.0658844598073509	0.276811865619081
"72"	0.255636876206517	0.184827939537359	0.128274591836529	0.0880405111662989	0.0658758310851409	0.277344250168153
"73"	0.255434943053274	0.18461885269783	0.128150777298256	0.0880251003858766	0.0658709177536021	0.277899408811161
"74"	0.255212118151792	0.184402226793726	0.128026455987926	0.0880128313345359	0.0658696484490094	0.278476719283015
"75"	0.254968824113458	0.18417826453842	0.127901746889435	0.088003673006427	0.0658719592748055	0.279075532177464
"76"	0.254705417430914	0.18394713084116	0.127776743670551	0.0879975971392685	0.065877791209559	0.279695319708546
"77"	0.25442276467696	0.183709189611914	0.127651603290973	0.0879945157290288	0.0658870014714878	0.280334925219633
"78"	0.25412089878872	0.183464487709521	0.127526389623431	0.0879944464767161	0.0658995913437485	0.280994186057862
"79"	0.253800740927333	0.183213405115911	0.127401249293334	0.087997287035917	0.0659154073937693	0.28167191023373
"80"	0.2534629175921	0.182956215348066	0.127276300144015	0.0880029768424992	0.0659343503255581	0.282367239747758
"81"	0.253107743415572	0.182693064450106	0.127151622023606	0.088011495438589	0.0659563689699975	0.283079705702126
"82"	0.252736215124332	0.182424368321638	0.127027363944695	0.0880227324071649	0.0659813036834932	0.283808016518676
"83"	0.252348818530218	0.182150337028553	0.126903610080697	0.0880366423354347	0.0660090765798886	0.284551515445208
"84"	0.251946217835676	0.181871254211112	0.126780471620985	0.0880531584152732	0.0660395790709999	0.285309318845952
"85"	0.251529276144794	0.18158748577488	0.126658065029236	0.0880721857389731	0.0660726785758469	0.286080308736282
"86"	0.25109872764575	0.181299337209583	0.126536488403517	0.0880936420852661	0.0661082541455513	0.28686355051034
"87"	0.250655361575244	0.181007124963099	0.126415840499797	0.0881174422720483	0.066146175460898	0.287658055228909
"88"	0.250199795096007	0.180711116482139	0.126296200144186	0.0881435185487144	0.0661863476876178	0.288463022041338
"89"	0.249732936410378	0.180411699435284	0.126177683618142	0.0881717686037065	0.0662286286533089	0.289277283279178
"90"	0.249255547132623	0.180109184422287	0.126060366896422	0.0882021080082258	0.0662728986259413	0.290099894914507
"91"	0.248768454791745	0.179803924859218	0.125944345657533	0.088234442871272	0.0663190284308808	0.290929803389354
"92"	0.248272422342664	0.179496215818794	0.125829671382373	0.088268676681859	0.0663668903209651	0.291766123453355
"93"	0.247768351646882	0.179186445266322	0.125716445894434	0.0883047090272191	0.0664163485096307	0.292607699655513
"94"	0.247257053659901	0.17887494628254	0.125604731203781	0.0883424403196876	0.0664672780752453	0.293453550458855
"95"	0.246739214788286	0.178562003074883	0.125494578680331	0.0883817892696679	0.0665195693610263	0.294302844825799
"96"	0.246215827171417	0.17824801129668	0.125386054607452	0.0884226284750898	0.0665730644221193	0.295154414027249
"97"	0.245687628776625	0.177933302737335	0.12527922338611	0.0884648753002878	0.0666276594017518	0.296007310397886
"98"	0.245155416397999	0.177618183850572	0.125174116354071	0.0885084225357769	0.0666832240723831	0.296860636789195
"99"	0.244619939211874	0.17730297423857	0.125070780806688	0.0885531799545677	0.0667396461960414	0.297713479592257
"100"	0.244082157633152	0.176988067982815	0.124969264895932	0.0885990206164816	0.0667967799934028	0.298564708878221
"101"	0.243542694589009	0.176673706628835	0.124869573273658	0.0886458600873569	0.0668545268169249	0.299413638604223
"102"	0.24300239544334	0.176360265060852	0.124771765257378	0.0886935955321334	0.0669127627594999	0.300259215946786
"103"	0.242461982900373	0.176048025286689	0.124675839358865	0.0887421214390046	0.0669713808756531	0.301100650139411
"104"	0.24192217013251	0.17573727479059	0.124581805886967	0.0887913400740487	0.0670302671112058	0.301937142004675
"105"	0.241383751492297	0.175428354732678	0.124489696352847	0.0888411511491526	0.067089309699173	0.302767736573849
"106"	0.240847443983731	0.175121549915326	0.124399508904742	0.0888914430233571	0.0671483981365453	0.303591656036303
"107"	0.240313827748118	0.174817097226588	0.124311229709146	0.088942136590546	0.067207446601769	0.304408262123839
"108"	0.239783619410354	0.174515293962055	0.124224862569926	0.0889931259639554	0.0672663521562202	0.305216745937481
"109"	0.239257482688667	0.174216405209131	0.12414039818655	0.0890443136237114	0.0673250134791053	0.306016386812831
"110"	0.238735975230326	0.173920657550683	0.12405781789774	0.089095616498658	0.0673833518014923	0.306806581021095
"111"	0.238219759712219	0.173628325725756	0.123977111618224	0.0891469295129823	0.0674412700227411	0.307586603408074
"112"	0.237709302743646	0.173339597952636	0.123898248666967	0.0891981793014624	0.0674986998911012	0.308355971444186
"113"	0.237205197962355	0.173054704144032	0.123821200578384	0.089249268938329	0.0675555570508687	0.309114071326035
"114"	0.236707938722094	0.172773848970752	0.123745943627254	0.0893001154439749	0.0676117690119569	0.309860384223977
"115"	0.236218045757447	0.172497235445251	0.12367244316312	0.0893506334721745	0.0676672617705768	0.310594380391431
"116"	0.235735884681889	0.172225005743148	0.123600659071851	0.0894007566105145	0.0677219821822175	0.311315711710382
"117"	0.235261956356723	0.171957355502802	0.123530557672077	0.0894503917733611	0.0677758608993931	0.31202387779565
"118"	0.234796537597567	0.17169438547287	0.123462083958819	0.089499484722523	0.0678288570100671	0.312718651238156
"119"	0.234340089205819	0.171436276131392	0.123395207656855	0.0895479504110064	0.0678809046910202	0.31339957190391
"120"	0.233892869967473	0.171183113316578	0.123329875032828	0.089595730104518	0.0679319680004906	0.314066443578115
"121"	0.233455181665183	0.170935007735386	0.123266037844817	0.0896427614817538	0.0679820039123383	0.31471900736053
"122"	0.233027293695047	0.170692052939648	0.12320364843029	0.0896889798230987	0.0680309736253787	0.315357051486528
"123"	0.23260944102499	0.170454322580467	0.12314265600674	0.0897343286347268	0.0680788447631655	0.315980406989905
"124"	0.232201801092884	0.17022186753263	0.123083007819677	0.0897787595707814	0.0681255901229648	0.316588973861068
"125"	0.231804526216158	0.169994725426768	0.123024647633965	0.0898222235514679	0.0681711893056943	0.317182687865935
"126"	0.231417796964237	0.169772947560045	0.122967530005168	0.089864667556813	0.0682156136239383	0.317761444289802
"127"	0.231041634270265	0.169556509353577	0.12291158997624	0.0899060628772006	0.068258861579728	0.31832534194299
"128"	0.230676189558806	0.169345447971495	0.122856786116219	0.0899463616339356	0.0683009079330898	0.318874306786457
"129"	0.230321426450057	0.169139709928469	0.122803051535912	0.0899855358182794	0.0683417581526618	0.319408518114628
"130"	0.229977425988129	0.16893929938502	0.122750344957666	0.0900235516998661	0.0683813959983517	0.319927981970969
"131"	0.229644134394241	0.168744155177672	0.122698608448242	0.0900603839281455	0.0684198282092235	0.320432889842481
"132"	0.229321537952844	0.168554237093547	0.122647790942735	0.090096006334059	0.0684570527933816	0.320923374883419
"133"	0.229009542539754	0.168369463693612	0.122597842187822	0.0901304045163023	0.0684930793893798	0.321399667673132
"134"	0.228708064929394	0.168189763631741	0.122548711957246	0.0901635610248686	0.0685279148751736	0.321861983581575
"135"	0.228416981845888	0.168015044305826	0.122500351811533	0.0901954628970745	0.0685615729030756	0.322310586236614
"136"	0.228136158188901	0.167845207996529	0.122452716695796	0.0902261041934517	0.0685940662545299	0.322745746670801
"137"	0.227865436860109	0.167680147158004	0.122405758457903	0.0902554767109238	0.0686254121304424	0.323167768682618
"138"	0.227604618861159	0.167519740460027	0.122359435271332	0.0902835801923311	0.0686556310087073	0.323576994206448
"139"	0.227353522426752	0.167363867590955	0.122313707201751	0.0903104159435082	0.0686847427217739	0.323973744115264
"140"	0.227111897932136	0.167212386891168	0.122268531391645	0.0903359895495327	0.0687127735755353	0.324358420659987
"141"	0.226879527655871	0.167065168820488	0.122223872682545	0.0903603081143703	0.068739746180799	0.324731376545924
"142"	0.226656141035049	0.16692206433878	0.122179695551741	0.0903833842338963	0.0687656917000626	0.325093023140468
"143"	0.226441465248698	0.166782920904237	0.122135964781597	0.090405230755767	0.0687906364044429	0.325443781905252
"144"	0.226235216388183	0.166647591694979	0.122092650583461	0.0904258648018526	0.0688146123339814	0.325784064197545
"145"	0.22603709449182	0.166515918573787	0.122049725229257	0.0904453055924341	0.0688376504731986	0.326114305639503
"146"	0.225846778495278	0.16638774351263	0.122007162182518	0.0904635770534954	0.0688597855089525	0.326434953247114
"147"	0.225663948788676	0.16626290861319	0.121964936746278	0.0904807026254411	0.0688810499353603	0.326746453291056
"148"	0.225488259119791	0.166141253080798	0.121923028526264	0.0904967110747002	0.0689014814461504	0.327049266752295
"149"	0.225319366065538	0.166022619902667	0.121881419239073	0.0905116330390746	0.0689211158564771	0.327343845897161
"150"	0.225156907228389	0.165906850307741	0.121840091648919	0.0905254993751564	0.0689399905767566	0.327630660863034
"151"	0.225000521823909	0.165793789345044	0.121799033586408	0.0905383469078909	0.0689581444750785	0.327910163861662
"152"	0.224849833433792	0.165683282651755	0.121758231941342	0.0905502096583194	0.0689756164437423	0.328182825871047
"153"	0.224704451998221	0.165575177889313	0.121717680240519	0.0905611291149745	0.0689924463442991	0.328449114412681
"154"	0.224563998283828	0.165469331618916	0.121677369893585	0.0905711447733095	0.0690086742772478	0.328709481153111
"155"	0.224428082202572	0.165365600958184	0.121637298404134	0.0905802981667559	0.0690243408707357	0.328964379397619
"156"	0.224296303158143	0.165263846612904	0.121597463411788	0.0905886342044542	0.0690394873352758	0.329214265277432
"157"	0.224168244457374	0.165163931393192	0.121557865194244	0.0905962004604467	0.0690541584691711	0.329459600025566
"158"	0.224043534482316	0.165065737396758	0.121518507928062	0.0906030402855562	0.0690683911825333	0.329700788724783
"159"	0.223921739525035	0.164969131797405	0.121479393148255	0.0906092035674214	0.0690822327225049	0.329938299239378
"160"	0.223802471388725	0.164874001998721	0.121440529352296	0.0906147393077345	0.0690957221538555	0.330172535798664
"161"	0.22368532108712	0.164780237545585	0.121401922605149	0.0906196966080986	0.069108903540054	0.330403918613991
"162"	0.22356988965155	0.164687732654213	0.121363583163113	0.0906241259270331	0.0691218186494121	0.330632849954676
"163"	0.223455794276048	0.1645963911851	0.12132552193346	0.0906280762751446	0.0691345075915628	0.33085970873868
"164"	0.223342635809014	0.16450611307017	0.121287745178821	0.0906315981613918	0.0691470139449316	0.331084893835666
"165"	0.223230052076737	0.164416817402542	0.121250267679129	0.0906347398385165	0.0691593765838575	0.33130874641922
"166"	0.223117681942962	0.164328420138469	0.121213096872487	0.0906375495526997	0.0691716340300423	0.33153161746334
"167"	0.223005196887912	0.164240847585389	0.121176243134546	0.0906400721197987	0.0691838222221091	0.331753818050245
"168"	0.222892292524966	0.1641540323792	0.121139710191841	0.0906423492852757	0.0691959752552245	0.331975640363489
"169"	0.222778689232088	0.164067910340676	0.121103504305775	0.0906444211228268	0.0692081241153966	0.332197350883229
"170"	0.222664160417514	0.163982427264685	0.121067622001191	0.0906463198720521	0.0692202947765456	0.33241917566802
"171"	0.222548531069086	0.163897535509128	0.121032058620028	0.0906480752735802	0.0692325078338132	0.332641291694366
"172"	0.222431685080554	0.163813192044044	0.120996799882942	0.090649707078275	0.0692447786654665	0.332863837248712
"173"	0.222313576074277	0.163729366520723	0.120961823598582	0.0906512279961276	0.0692571135842628	0.333086892226027
"174"	0.222194236005417	0.163646033334105	0.12092710020595	0.0906526425254769	0.0692695122020259	0.33331047572703
"175"	0.222073804827412	0.163563178061041	0.120892586899879	0.0906539411891659	0.0692819618244073	0.333534527198104
"176"	0.221952506163117	0.163480794409867	0.120858229192051	0.0906551050709525	0.0692944416171542	0.333758923546864
"177"	0.221830684194866	0.16339888743769	0.120823961295769	0.0906561018924916	0.0693069166834093	0.333983448495774
"178"	0.221708789717159	0.163317471256635	0.120789703491606	0.090656887154961	0.0693193410293253	0.334207807350316
"179"	0.221587377423457	0.163236573215321	0.120755368009577	0.0906574038788136	0.0693316569718537	0.334431620500977
"180"	0.221467137502715	0.163156227949201	0.120720851416409	0.0906575803952234	0.0693437922382417	0.334654410498217
"181"	0.221348825370323	0.163076481516505	0.120686045544869	0.0906573378520125	0.0693556667238171	0.334875642992481
"182"	0.221233330100034	0.162997389619569	0.120650835629128	0.0906565831772656	0.0693671848799177	0.33509467659409
"183"	0.221121603950671	0.162919013809831	0.120615104904807	0.0906552168273254	0.069378242955064	0.335310817552303
"184"	0.221014696314383	0.162841426647108	0.120578736642786	0.0906531313179596	0.0693887259016582	0.335523283176105
"185"	0.22091372059653	0.162764702720659	0.120541620040416	0.0906502141987105	0.0693985085134772	0.335731233930211
"186"	0.220819882512115	0.162688923823002	0.120503649856647	0.0906463468949066	0.0694074524874726	0.335933744425863
"187"	0.220734457199493	0.162614180186663	0.120464735708096	0.0906414100982879	0.0694154070333224	0.336129809774143
"188"	0.220658869242005	0.162540570829869	0.120424794771877	0.0906352747042046	0.0694222000004635	0.336318290451591
"189"	0.22059472230273	0.16246821108811	0.120383759658734	0.0906278024429132	0.069427633476059	0.336497871031459
"190"	0.220543937066312	0.162397256842681	0.120341578792349	0.0906188338007916	0.0694314692368202	0.336666924261046
"191"	0.220508942960321	0.162327929945594	0.120298217950179	0.0906081754416284	0.0694334123101529	0.336823321392116
"192"	0.220492945509514	0.1622605826496	0.120253661579549	0.0905955866563036	0.069433091985374	0.336964131619666
"193"	0.220500132416083	0.162195760495923	0.120207912483938	0.0905807829699287	0.0694300553597247	0.337085356274394
"194"	0.22053570606075	0.162134249175861	0.120160978685874	0.0905634644555618	0.0694237913302228	0.337181810291727
"195"	0.220605119930554	0.162077023102347	0.120112893667206	0.0905434132169932	0.0694138358459201	0.337247714236986
"196"	0.220711898517899	0.162024939273956	0.120063800538637	0.0905206787661095	0.069400005417057	0.337278677486343
"197"	0.220853694931196	0.161978163091839	0.1200141870156	0.0904958501777629	0.0693827694758293	0.337275335307775
"198"	0.221017355789895	0.16193543997442	0.119965233315379	0.0904703364461056	0.0693636748621926	0.337247959612013
"199"	0.221175788586889	0.161893658713009	0.119919067047902	0.0904464810683209	0.0693455814735256	0.337219423110354
"200"	0.221290301510121	0.161848136001805	0.119878558618016	0.0904273079818203	0.0693323893671851	0.337223306521048
"201"	0.221319897112317	0.161793709468531	0.119846447589955	0.0904158636310004	0.0693281494798014	0.337295932718396
"202"	0.221234107079976	0.161726238712026	0.119824124986718	0.0904143724764545	0.0693358789332584	0.337465277811566
"203"	0.221022562909299	0.161643822427656	0.119810832549988	0.0904236235357677	0.0693566978985059	0.33774246067878
"204"	0.220696703659403	0.161547234896628	0.119803868595132	0.0904428403637412	0.0693896648423167	0.33811968764278
"205"	0.220283742281354	0.161439420833303	0.119799728554903	0.0904700432069901	0.0694322775452429	0.338574787578195
"206"	0.219817071870238	0.161324464671095	0.119795485716523	0.0905026752703657	0.0694812922320091	0.339079010239771
"207"	0.219327364138246	0.161206530710521	0.119789664039945	0.0905382429334871	0.0695335479392505	0.339604650238552
"208"	0.218837341416176	0.161089113360062	0.119782253310021	0.0905747515486527	0.0695865338836802	0.340130006481406
"209"	0.218360636373165	0.160974669267515	0.11977409720037	0.0906108622496176	0.069638610929378	0.340641123979954
"210"	0.217903466054264	0.160864542074572	0.119766140364653	0.0906458137690157	0.0696889374750567	0.341131100262432
"211"	0.217467103828569	0.160759094039446	0.119758959339001	0.0906792626093316	0.0697372663392278	0.341598313844418
"212"	0.217050046966573	0.160657977991882	0.119752667637107	0.090711131421806	0.0697837227358303	0.342044453246787
"213"	0.216649465675458	0.160560457731634	0.119747071932572	0.090741508706127	0.0698286281343168	0.342472867819895
"214"	0.216262058630177	0.160465693249116	0.119741888829323	0.0907705908586846	0.0698723791946475	0.342887389238061
"215"	0.215884550422737	0.160372931389782	0.119736899179953	0.0907986367511197	0.069915368724899	0.343291613531509
"216"	0.215514015395647	0.1602815990383	0.119732009140035	0.0908259274246108	0.069957937946632	0.343688511054769
"217"	0.215147944134482	0.160191298818843	0.119727241718256	0.0908527383645617	0.0700003634202635	0.344080413543591
"218"	0.214784319376806	0.160101777063336	0.119722693485857	0.0908793121198766	0.0700428503454966	0.344469047608627
"219"	0.21442160357407	0.160012880225575	0.119718490545291	0.0909058430876105	0.0700855386762315	0.344855643891209
"220"	0.214058712779492	0.159924514270931	0.119714750225163	0.0909324702756185	0.0701285108758854	0.34524104157291
"221"	0.213694954730338	0.159836617369937	0.119711561769169	0.0909592788167088	0.0701718035921874	0.345625783721654
"222"	0.213329995281659	0.159749149238982	0.119708978997281	0.0909863038003669	0.070215414913702	0.346010157768003
"223"	0.212963779740396	0.159662082843364	0.11970701929331	0.0910135392764804	0.0702593140546695	0.346394264791783
"224"	0.212596486092095	0.159575402786969	0.119705668955015	0.0910409462676393	0.0703034480214235	0.346778047876853
"225"	0.212228432432589	0.159489098333453	0.119704892608802	0.0910684645715709	0.0703477520561584	0.347161359997432
"226"	0.211860059328883	0.159403170367207	0.119704636815245	0.0910960178649486	0.0703921520579737	0.347543963565739
"227"	0.211491868634618	0.159317623284733	0.119704839326488	0.0911235216588147	0.0704365706839972	0.347925576411347
"228"	0.211124403284653	0.159232466671725	0.119705428395733	0.091150885875228	0.0704809293789566	0.3483058863937
"229"	0.210758219251561	0.159147713941089	0.119706330764612	0.0911780196608315	0.0705251517760278	0.348684564605877
"230"	0.210393878111163	0.159063382816368	0.119707471974102	0.0912048338069984	0.0705691637337318	0.349061269557649
"231"	0.210031951447813	0.158979494683751	0.119708774720881	0.0912312374825835	0.0706128929723887	0.349435648692575
"232"	0.209672987203319	0.158896068776221	0.11971016302908	0.0912571448729617	0.0706562718838649	0.34980736423455
"233"	0.209317536614228	0.158813132315801	0.119711562147221	0.09128247101911	0.0706992348205918	0.350176063083056
"234"	0.208966097577793	0.158730703154388	0.119712899161711	0.0913071374920285	0.0707417234991665	0.350541439114901
"235"	0.208619173667632	0.158648808133644	0.119714103642607	0.0913310668365488	0.0707836812495415	0.350903166470032
"236"	0.20827719702554	0.158567464629645	0.119715110179844	0.0913541905089176	0.0708250593886146	0.351260978267438
"237"	0.207940567734958	0.158486691079771	0.119715857857081	0.091376444985138	0.0708658148779513	0.351614623465102
"238"	0.207609612777515	0.158406497817417	0.119716291747212	0.0913977753814093	0.0709059120086481	0.351963910267802
"239"	0.207284621284369	0.158326899565401	0.119716364974176	0.091418133663576	0.070945320513924	0.352308659998556
"240"	0.206965785481938	0.158247895635493	0.119716036994789	0.0914374820523428	0.0709840214553546	0.352648778380081
"241"	0.206653247834616	0.158169489780425	0.119715277246662	0.091455790987903	0.0710220005278952	0.352984193622512
"242"	0.206347070023078	0.158091676502173	0.119714062064171	0.0914730418423561	0.0710592535956687	0.353314895972548
"243"	0.20604724471873	0.158014450813338	0.119712377828622	0.0914892240201615	0.0710957826827233	0.353640919936424
"244"	0.205753696998715	0.157937795771236	0.119710216711159	0.0915043371648938	0.0711315974634191	0.353962355890571
"245"	0.205466306825986	0.157861704200259	0.119707579617932	0.0915183878257905	0.0711667133362974	0.354279308193725
"246"	0.205184873026822	0.157786152805712	0.119704474660501	0.0915313915563885	0.0712011528221444	0.354591955128428
"247"	0.204909172870589	0.15771112530357	0.119700912778609	0.0915433700114147	0.0712349416610639	0.354900477374766
"248"	0.204638937245805	0.157636600782862	0.119696911991961	0.0915543502993672	0.0712681096669125	0.35520509001309
"249"	0.204373875207383	0.157562557350855	0.11969249296488	0.0915643643222361	0.0713006884979801	0.355506021656675
"250"	0.204113665486996	0.157488973999866	0.119687678822658	0.0915734472728668	0.0713327148899056	0.355803519527706
"251"	0.203857988461866	0.157415830485567	0.119682493073145	0.0915816360400031	0.0713642220231021	0.356097829916308
"252"	0.203606515196858	0.157343105976224	0.119676961433439	0.0915889700604517	0.0713952461134248	0.356389201219604
"253"	0.203358900988754	0.157270775143233	0.11967110739802	0.0915954896140328	0.07142582297586	0.356677903880098
"254"	0.203114841985172	0.157198824069317	0.119664955839379	0.0916012347443489	0.071455985053243	0.356964158308541
"255"	0.202874020529176	0.157127229914716	0.11965852694344	0.0916062424649447	0.0714857643412273	0.357248215806496
"256"	0.202636136447176	0.157055975440777	0.119651843345084	0.0916105528387205	0.0715151934461138	0.357530298482128
"257"	0.202400923993496	0.156985047365413	0.119644921674803	0.0916142018206167	0.0715442973308382	0.357810607814838
"258"	0.202168111345345	0.156914424364171	0.119637776263596	0.0916172231402014	0.071573102573004	0.358089362313677
"259"	0.20193746381319	0.156844092758468	0.119630420401564	0.0916196503108841	0.0716016322212518	0.358366740494632
"260"	0.201708753000522	0.156774034214567	0.119622864479682	0.0916215130133476	0.0716299065264132	0.358642928765462
"261"	0.201481785933752	0.156704237286768	0.119615116294306	0.0916228417731218	0.0716579435352123	0.358918075176842
"262"	0.201256368340874	0.156634682341795	0.119607179704736	0.0916236622630237	0.0716857587124015	0.359192348637174
"263"	0.201032331185635	0.15656535474377	0.119599056542749	0.0916239998410485	0.0717133655819341	0.359465892104854
"264"	0.200809527192249	0.156496239666393	0.11959074948985	0.0916238779175217	0.0717407754677048	0.359738830266291
"265"	0.200587805474666	0.156427312781395	0.119582252414742	0.091623317280849	0.0717679971491166	0.36001131489924
"266"	0.200367045367049	0.156358563181107	0.119573566765953	0.0916223408893477	0.0717950397148372	0.360283444081714
"267"	0.200147123464451	0.156289968295618	0.11956468353468	0.0916209663537363	0.0718219085993812	0.360555349752133
"268"	0.199927928577083	0.156221504137748	0.11955559574401	0.0916192125306665	0.0718486085578374	0.360827150452658
"269"	0.199709376417751	0.156153157778106	0.119546297967186	0.0916170971608053	0.0718751420737829	0.361098928602366
"270"	0.19949135113835	0.156084894036136	0.119536776139897	0.0916146347463632	0.0719015131289853	0.361370830810264
"271"	0.199273772126662	0.156016693338103	0.119527022606431	0.0916118421357898	0.0719277227415694	0.36164294705144
"272"	0.199056556937999	0.155948529975522	0.119517023866313	0.0916087347853528	0.0719537716939231	0.361915382740889
"273"	0.198839642114607	0.155880380978113	0.119506771091595	0.091605326669083	0.071979658527236	0.362188220619364
"274"	0.198622934962473	0.155812212348166	0.119496248327609	0.0916016324041015	0.0720053841510692	0.362461587806576
"275"	0.198406383062134	0.155744001716861	0.119485445563834	0.0915976654538693	0.0720309443733777	0.362735559829924
"276"	0.198189903516203	0.155675711422648	0.119474343923467	0.0915934379186811	0.0720563402976229	0.363010262921374
"277"	0.197973463912392	0.155607325136341	0.119462935956804	0.09158896457176	0.0720815671638018	0.363285743258903
"278"	0.197756979808133	0.155538799310529	0.119451203291462	0.0915842559071617	0.0721066218803268	0.363562139802399
"279"	0.197540421495575	0.155470115985559	0.119439134314582	0.0915793258436064	0.0721315016495324	0.363839500711142
"280"	0.197323728550861	0.155401240330034	0.119426714770661	0.0915741855298248	0.0721562008502847	0.364117929968327
"281"	0.197106847529871	0.155332139040164	0.119413929016905	0.0915688465817014	0.0721807190791338	0.364397518752221
"282"	0.196889760455057	0.155262793753327	0.119400767349299	0.0915633212214625	0.0722050474247798	0.364678309796063
"283"	0.196672416184948	0.15519316920262	0.119387212495147	0.0915576189112875	0.0722291818411333	0.364960401364863
"284"	0.196454792793009	0.1551232454718	0.119373254455847	0.0915517508828702	0.0722531198264013	0.365243836570073
"285"	0.196236849166046	0.155052986470507	0.119358877430732	0.0915457278660762	0.0722768513192293	0.365528707747413
"286"	0.196018582905871	0.154982381917389	0.119344074166207	0.0915395616483717	0.0723003746194232	0.365815024742743
"287"	0.195799982250104	0.154911408696222	0.119328834069305	0.0915332610333311	0.0723236819615499	0.366102831989487
"288"	0.195580996029405	0.154840031940678	0.119313139314722	0.091526834552738	0.072346768688686	0.366392229473774
"289"	0.195361651484737	0.154768247446767	0.119296984421619	0.0915202917288298	0.0723696292242382	0.366683195693804
"290"	0.195141947480122	0.154696034228143	0.119280363055426	0.0915136451877733	0.0723922530820726	0.366975756966467
"291"	0.194921864318936	0.154623374606589	0.119263259086692	0.0915068983966693	0.0724146390608621	0.36726996453026
"292"	0.194701439255805	0.154550263474053	0.119245673780915	0.0915000644955512	0.0724367780385601	0.367565780955112
"293"	0.194480643131015	0.154476673341377	0.119227591308174	0.0914931484455967	0.0724586654089968	0.367863278364849
"294"	0.19425953544443	0.154402619575231	0.119209012597416	0.091486161795797	0.0724802966176556	0.368162373969467
"295"	0.19403809695232	0.154328073371362	0.119189926734452	0.0914791084608186	0.0725016655686602	0.368463128912405
"296"	0.193816389404484	0.154253042858955	0.11917033526161	0.091471998894479	0.072522761990865	0.368765471589609
"297"	0.1935944106272	0.154177521892301	0.119150229129946	0.0914648399839113	0.0725435875445919	0.369069410822049
"298"	0.193372215675174	0.154101513857249	0.119129609934879	0.0914576383575085	0.0725641335776509	0.369374888597551
"299"	0.193149823809957	0.154025009007457	0.119108473214373	0.0914503993152422	0.0725843944802026	0.369681900172768
"300"	0.192927268304829	0.153948019581474	0.119086816919303	0.0914431308811715	0.0726043699110173	0.369990394402206
"301"	0.192704600290928	0.153870547012258	0.119064643851387	0.0914358391102203	0.0726240534365159	0.370300316298685
"302"	0.192481871005988	0.153792602465229	0.119041956809435	0.0914285303953966	0.0726434408829541	0.370611598440992
"303"	0.192259096930239	0.153714183028374	0.119018751650771	0.0914212089376536	0.0726625326025457	0.370924226850408
"304"	0.192036368714724	0.153635315805901	0.118995038707121	0.0914138841260802	0.0726813211080361	0.371238071538137
"305"	0.191813699293233	0.153555997988399	0.118970816586265	0.0914065581026358	0.0726998092979177	0.371553118731545
"306"	0.191591146649104	0.153476242370122	0.118946088766367	0.0913992357600673	0.0727179927398158	0.371869293714535
"307"	0.191368774213443	0.153396071061718	0.118920865762831	0.0913919247026811	0.0727358717449187	0.372186492514409
"308"	0.191146618658781	0.153315489599462	0.118895147933473	0.0913846288444351	0.0727534440518258	0.372504670912029
"309"	0.190924739428992	0.153234522266136	0.11886894561607	0.0913773508810097	0.0727707152965726	0.372823726511223
"310"	0.190703188047009	0.153153178844524	0.118842264127869	0.0913700978237613	0.0727876806464795	0.373143590510355
"311"	0.190482017031075	0.153071479566657	0.118815113551753	0.0913628729781113	0.0728043430929189	0.373464173779483
"312"	0.190261283511779	0.152989445450697	0.11878750219831	0.0913556802408537	0.0728207047180807	0.373785383880276
"313"	0.190041042831652	0.152907093782962	0.118759439699412	0.0913485251286819	0.0728367657204431	0.374107132836844
"314"	0.189821335884726	0.152824442199094	0.118730936733857	0.0913414097398187	0.0728525312172853	0.37442934422522
"315"	0.189602214669864	0.152741508321275	0.118702001530352	0.0913343378976742	0.0728680030449924	0.374751934535847
"316"	0.189383754202024	0.152658329703273	0.118672650205777	0.0913273154266066	0.0728831873000474	0.375074763162269
"317"	0.18916597011358	0.15257490353587	0.118642888501651	0.0913203421199854	0.0728980856580113	0.375397810070901
"318"	0.188948936443075	0.152491271794498	0.118612732622275	0.0913134250754336	0.0729127055678706	0.375720928496844
"319"	0.188732672114268	0.152407435536314	0.118582190881584	0.0913065638713522	0.0729270487840293	0.376044088812453
"320"	0.188517269413087	0.152323437870141	0.118551284120515	0.0912997658642626	0.0729411196171174	0.376367123114877
"321"	0.18830274253452	0.152239297118977	0.11852002168026	0.0912930310790205	0.0729549329073296	0.376689974679894
"322"	0.188089127454663	0.15215502001067	0.118488411033788	0.0912863620368983	0.072968485354757	0.377012594109224
"323"	0.18787650390001	0.152070653321962	0.118456479884493	0.0912797643162474	0.0729817889107495	0.377334809666538
"324"	0.187664877435097	0.151986196745863	0.118424230159656	0.091273238123231	0.0729948451143026	0.377656612421856
"325"	0.187454294303378	0.15190167861558	0.118391678528486	0.0912667860009911	0.0730076653561545	0.377977897195408
"326"	0.187244812899479	0.151817132765398	0.118358847845061	0.091260413212546	0.0730202559306909	0.378298537346817
"327"	0.1870364597766	0.151732577188496	0.1183257468604	0.0912541199944088	0.0730326259749196	0.378618470205171
"328"	0.186829253096334	0.151648020310375	0.118292384919427	0.0912479075744985	0.0730447792930985	0.37893765480626
"329"	0.186623248700408	0.151563503508151	0.118258788073314	0.0912417813657604	0.0730567297210011	0.379255948631365
"330"	0.18641847701619	0.151479034709092	0.118224967051974	0.0912357409180848	0.073068475063908	0.379573305240754
"331"	0.186214971243473	0.151394647700256	0.11819093786567	0.0912297910747004	0.0730800321184484	0.379889619997454
"332"	0.186012736308349	0.151310349727042	0.118156709725314	0.0912239294201433	0.0730914071289014	0.380204867690259
"333"	0.185811836246701	0.151226179832214	0.118122305542662	0.0912181636886528	0.0731026065059244	0.380518908183859
"334"	0.185612275997771	0.151142143972714	0.11808773865918	0.0912124913190765	0.0731136390112882	0.380831711039979
"335"	0.185414094216955	0.151058273960405	0.118053024875892	0.0912069174507986	0.0731245118893691	0.38114317760657
"336"	0.185217306876263	0.150974583900037	0.118018178657636	0.0912014410826991	0.0731352336941662	0.38145325578919
"337"	0.18502191678826	0.150891088346387	0.117983208480353	0.0911960632532057	0.0731458161174271	0.381761907014375
"338"	0.184828000288321	0.150807827939174	0.117948142852495	0.0911907908208564	0.0731562589023406	0.382068979196807
"339"	0.184635526790561	0.150724800602283	0.117912985638036	0.0911856188230257	0.0731665757121198	0.382374492433968
"340"	0.18444454332401	0.150642042106891	0.117877755692813	0.0911805544043242	0.0731767748126611	0.382678329659292
"341"	0.184255036982302	0.15055955327279	0.117842462967486	0.0911755933238228	0.0731868623492516	0.382980491104346
"342"	0.184067049641795	0.150477360725932	0.117807126629878	0.0911707407695819	0.0731968407611605	0.38328088147165
"343"	0.183880622922529	0.150395506887737	0.11777176421934	0.0911659993040892	0.073206727899935	0.38357937876637
"344"	0.183695737913176	0.150313982017961	0.117736384720263	0.0911613679839802	0.0732165201265736	0.383876007238041
"345"	0.18351240114425	0.150232805419048	0.117700998622791	0.0911568477180923	0.0732262309287491	0.384170716167072
"346"	0.183330632453067	0.150151994563213	0.117665622604478	0.0911524398197256	0.0732358624372876	0.384463448122219
"347"	0.183150467785464	0.15007157764304	0.117630273777586	0.0911481458693758	0.0732454220707686	0.384754112853769
