"V1"	"V1"	"V1"	"V1"	"V1"	"V1"
"1"	0.221290301413029	0.161848136040402	0.119878558652362	0.0904273079980763	0.0693323893783704	0.337223306517755
"2"	0.221290301413029	0.161848136040402	0.119878558652362	0.0904273079980763	0.0693323893783704	0.337223306517755
"3"	0.221272415621064	0.16185656779032	0.119886173228123	0.090430748186684	0.0693345506921172	0.337219544481689
"4"	0.222315966375625	0.162732074719743	0.120243664836338	0.0903847429485014	0.0692209412520627	0.335102609867726
"5"	0.222508805300596	0.162879946259415	0.120300376838961	0.0903733789857993	0.0691996146925301	0.334737877922693
"6"	0.222620389341815	0.162965440085273	0.120333142336874	0.0903667856043778	0.0691872722753704	0.334526970356284
"7"	0.222698912721816	0.163025584089032	0.1203561861268	0.0903621408690942	0.0691785861677277	0.334378590025526
"8"	0.222759427012796	0.163071926230595	0.120373939161965	0.0903585593620855	0.0691718919577634	0.334264256274792
"9"	0.222808607653533	0.163109584910021	0.120388364324347	0.0903556475962533	0.0691664513791937	0.334171344136648
"10"	0.222850001189681	0.163141278464376	0.120400503758651	0.0903531962710638	0.0691618721753099	0.334093148140914
"11"	0.222885716891687	0.163168623209764	0.120410976993556	0.0903510808097499	0.0691579210443516	0.334025681050887
"12"	0.22291711081497	0.163192658102677	0.120420182198958	0.0903492210768025	0.0691544479908538	0.333966379815734
"13"	0.222945106105808	0.163214090330826	0.120428390367542	0.0903475624963626	0.0691513509014818	0.333913499797975
"14"	0.222970359414728	0.16323342287913	0.120435794225258	0.0903460662349106	0.06914855713972	0.333865800106249
"15"	0.222993354374953	0.16325102617392	0.120442535696436	0.0903447036834295	0.0691460132067881	0.333822366864469
"16"	0.223014457412951	0.163267180851509	0.120448722297309	0.0903434531615104	0.0691436785686002	0.333782507708115
"17"	0.22303395274502	0.163282104573592	0.120454437413545	0.0903422978498467	0.0691415217848084	0.333745685633183
"18"	0.223052065226411	0.163295969533252	0.120459747009221	0.0903412244399484	0.0691395179814188	0.333711475809745
"19"	0.223068975782971	0.163308914277052	0.120464704157183	0.0903402222219621	0.0691376471438447	0.333679536416983
"20"	0.223084832137722	0.163321051922059	0.120469352187719	0.0903392824504632	0.0691358929303849	0.333649588371649
"21"	0.223099756454283	0.163332476010664	0.120473726931951	0.0903383978924564	0.069134241826736	0.333621400883905
"22"	0.223113850902323	0.163343264773488	0.120477858355164	0.0903375624981997	0.0691326825303557	0.333594780940464
"23"	0.223127201787674	0.16335348429272	0.120481771768808	0.0903367711568874	0.0691312054935961	0.33356956550031
"24"	0.223139882669333	0.163363190889397	0.120485488745114	0.0903360195122386	0.0691298025789012	0.333545615605012
"25"	0.223151956747452	0.163372432952277	0.120489027817758	0.0903353038212012	0.0691284667946479	0.333522811866658
"26"	0.22316347871768	0.163381252357963	0.120492405025905	0.0903346208442186	0.0691271920900174	0.333501050964211
"27"	0.223174496228742	0.163389685587134	0.120495634341836	0.0903339677589637	0.0691259731937524	0.333480242889566
"28"	0.223185051040908	0.163397764611697	0.120498728010792	0.0903333420917772	0.0691248054860078	0.333460308758814
"29"	0.223195179956039	0.16340551760699	0.120501696823799	0.0903327416626123	0.0691236848954649	0.33344117905509
"30"	0.223204915571189	0.163412969528858	0.12050455033873	0.0903321645404252	0.0691226078159661	0.333422792204828
"31"	0.223214286894424	0.163420142585211	0.12050729706094	0.0903316090067194	0.0691215710383887	0.333405093414313
"32"	0.223223319852014	0.163427056624395	0.120509944592027	0.0903310735255155	0.0691205716945399	0.333388033711504
"33"	0.223232037709182	0.163433729457366	0.120512499753244	0.0903305567184419	0.0691196072106097	0.333371569151151
"34"	0.223240461421504	0.163440177126752	0.120514968688557	0.090330057343926	0.0691186752682988	0.333355660150959
"35"	0.223248609930216	0.16344641413297	0.120517356951262	0.0903295742797088	0.0691177737721472	0.333340270933693
"36"	0.223256500411846	0.163452453625365	0.120519669577188	0.0903291065080631	0.0691169008219228	0.33332536905561
"37"	0.223264148490385	0.163458307564655	0.120521911146929	0.0903286531032278	0.0691160546891463	0.333310925005652
"38"	0.223271568418529	0.163463986861711	0.120524085838989	0.0903282132206751	0.0691152337970417	0.333296911863049
"39"	0.223278773233267	0.163469501496672	0.120526197475412	0.0903277860878946	0.0691144367033261	0.333283305003423
"40"	0.223285774890028	0.163474860621658	0.12052824956112	0.090327370996451	0.0691136620853668	0.333270081845371
"41"	0.223292584378846	0.163480072649713	0.12053024531798	0.0903269672951006	0.0691129087273321	0.333257221631022
"42"	0.223299211825362	0.163485145332128	0.120532187714417	0.0903265743838112	0.0691121755090172	0.333244705235259
"43"	0.223305666578963	0.163490085825921	0.120534079491265	0.0903261917085407	0.0691114613960934	0.333232514999213
"44"	0.223311957289977	0.16349490075295	0.120535923184398	0.090325818756664	0.0691107654315678	0.333220634584438
"45"	0.223318091977531	0.163499596251849	0.120537721144633	0.0903254550529545	0.0691100867282782	0.33320904884475
"46"	0.223324078089362	0.163504178023833	0.12053947555526	0.0903251001560399	0.0691094244622735	0.333197743713226
"47"	0.223329922554735	0.163508651373197	0.120541188447567	0.0903247536552685	0.0691087778669628	0.333186706102264
"48"	0.22333563183136	0.163513021243255	0.120542861714593	0.0903244151679291	0.0691081462279211	0.333175923814937
"49"	0.223341211947151	0.163517292248288	0.120544497123366	0.0903240843367773	0.0691075288782732	0.33316538546614
"50"	0.223346668537443	0.163521468702054	0.120546096325828	0.0903237608278309	0.0691069251945746	0.333155080412263
"51"	0.223352006878295	0.16352555464327	0.120547660868589	0.0903234443283965	0.0691063345931273	0.333144998688317
"52"	0.223357231916318	0.163529553858459	0.120549192201677	0.0903231345453024	0.0691057565266802	0.33313513095156
"53"	0.223362348295489	0.163533469902469	0.120550691686396	0.0903228312033109	0.0691051904814628	0.333125468430867
"54"	0.221290301299393	0.161848136085577	0.119878558692561	0.0904273080171026	0.0693323893914615	0.3372233065139
"55"	0.221254664298653	0.161865145601421	0.119893879747795	0.0904342083859225	0.0693367031444597	0.337215398821745
"56"	0.223256900467267	0.163525766851614	0.120567701988777	0.090342872797435	0.0691183989323459	0.333188358962558
"57"	0.22360092468014	0.16378656141215	0.120666900557808	0.0903220298337181	0.0690802886445549	0.332543294871624
"58"	0.223796731689572	0.16393488164334	0.120723278001326	0.0903101368579272	0.0690585941037912	0.332176377704039
"59"	0.223933097670822	0.164038145134824	0.120762518455965	0.090301846125548	0.0690434844282073	0.331920908184629
"60"	0.224037385984295	0.164117104838653	0.120792519001819	0.0902955022974233	0.0690319286488964	0.331725559228908
"61"	0.224121628170778	0.164180880498674	0.120816748178396	0.090290376173188	0.0690225939066353	0.331567773072323
"62"	0.22419217467922	0.16423428406211	0.120837035581344	0.0902860824522589	0.0690147766479206	0.331435646577142
"63"	0.224252782372622	0.164280161600635	0.1208544631282	0.0902823930315682	0.0690080606386205	0.331322139228349
"64"	0.224305855752758	0.16432033439554	0.120869723070506	0.0902791618439619	0.0690021794681619	0.331222745469067
"65"	0.224353025365604	0.16435603735146	0.120883284733725	0.090276289800044	0.0689969524732391	0.331134410275922
"66"	0.224395447081723	0.164388145793387	0.120895480757453	0.0902737066357343	0.0689922515818105	0.331054968149885
"67"	0.224433969609979	0.164417302389137	0.120906555350984	0.0902713607465638	0.0689879827543393	0.330982829148991
"68"	0.224469234193434	0.164443992677522	0.120916693005572	0.0902692131350167	0.0689840749382461	0.330916792050205
"69"	0.224501736946313	0.164468592288967	0.1209260364438	0.0902672336246796	0.0689804731612967	0.330855927534937
"70"	0.224531869447867	0.164491397692901	0.120934698306265	0.0902653983942	0.0689771340339329	0.330799502124829
"71"	0.224559946092911	0.164512646912604	0.120942769024509	0.0902636883153652	0.0689740227188741	0.330746926935732
"72"	0.224586223061384	0.164532533891518	0.120950322280801	0.0902620878002058	0.0689711108292922	0.330697722136795
"73"	0.224610911807726	0.164551218708672	0.120957418890214	0.0902605839810171	0.0689683749341736	0.330651491678191
"74"	0.224634188864148	0.164568835002291	0.120964109621642	0.0902591661143578	0.0689657954720945	0.330607904925462
"75"	0.224656203102556	0.1645854954687	0.120970437287334	0.0902578251394882	0.0689633559465762	0.330566683055339
"76"	0.224677081205817	0.164601296005152	0.120976438317078	0.0902565533456548	0.0689610423198485	0.330527588806445
"77"	0.224696931852673	0.16461631887853	0.120982143962198	0.0902553441175664	0.0689588425491379	0.330490418639889
"78"	0.224715848962497	0.164630635182105	0.120987581229023	0.0902541917380359	0.068956746227134	0.330454996661201
"79"	0.224733914242105	0.164644306763801	0.120992773611516	0.0902530912330541	0.0689547442997855	0.330421169849733
"80"	0.224751199207128	0.16465738775659	0.120997741672739	0.0902520382488231	0.0689528288423193	0.330388804272396
"81"	0.224767766802686	0.164669925805493	0.121002503511022	0.0902510289531538	0.0689509928796582	0.330357782047981
"82"	0.224783672714929	0.164681963060518	0.121007075137208	0.0902500599556673	0.0689492302410904	0.330327998890582
"83"	0.224798966441498	0.16469353698706	0.121011470782532	0.090249128242661	0.0689475354416563	0.330299362104588
"84"	0.224813692172122	0.164704681032558	0.121015703151899	0.0902482311235216	0.0689459035845692	0.330271788935325
"85"	0.224827889518328	0.16471542517891	0.121019783633741	0.0902473661863217	0.0689443302803582	0.330245205202335
"86"	0.224841594122197	0.164725796403318	0.121023722475102	0.0902465312607719	0.0689428115794105	0.330219544159194
"87"	0.224854838167447	0.164735819065178	0.121027528928607	0.0902457243871152	0.0689413439153399	0.330194745536307
"88"	0.224867650811001	0.164745515232787	0.121031211376575	0.0902449437898628	0.0689399240571659	0.330170754732602
"89"	0.224880058549441	0.164754904960741	0.121034777436407	0.0902441878554886	0.0689385490687039	0.330147522129213
"90"	0.224892085531766	0.164764006526687	0.121038234050518	0.0902434551133918	0.0689372162739103	0.330125002503721
"91"	0.224903753827609	0.164772836634361	0.121041587563466	0.0902427442195728	0.068935923227162	0.330103154527823
"92"	0.224915083658307	0.164781410588496	0.121044843788396	0.0902420539425662	0.068934667687649	0.33008194033458
"93"	0.224926093596814	0.164789742446154	0.121048008064529	0.0902413831512717	0.068933447597224	0.330061325143999
"94"	0.224936800741372	0.164797845148181	0.121051085307099	0.0902407308043825	0.068932261061156	0.330041276937804
"95"	0.224947220866946	0.164805730633838	0.12105408005089	0.0902400959411641	0.0689311063313512	0.330021766175806
"96"	0.224957368557759	0.164813409941126	0.121056996488352	0.0902394776733886	0.0689299817916639	0.330002765547705
"97"	0.224967257323681	0.164820893294877	0.121059838503063	0.0902388751782493	0.0689288859450033	0.32998424975512
"98"	0.224976899702769	0.164828190184376	0.121062609699213	0.0902382876921139	0.068927817401967	0.329966195319554
"99"	0.224986307351896	0.164835309431957	0.121065313427659	0.0902377145050115	0.0689267748708008	0.329948580412671
"100"	0.224995491127071	0.164842259253801	0.121067952809021	0.0902371549557388	0.0689257571484953	0.329931384705867
"101"	0.225004461154847	0.164849047313984	0.121070530754215	0.0902366084275145	0.0689247631128774	0.329914589236555
"102"	0.22501322689596	0.164855680772646	0.121073049982743	0.0902360743441036	0.0689237917155536	0.329898176288987
"103"	0.225021797202188	0.164862166329029	0.121075513039047	0.0902355521663559	0.0689228419756132	0.329882129287762
"104"	0.225030180367287	0.164868510260031	0.121077922307151	0.090235041389104	0.0689219129739808	0.32986643270244
"105"	0.225038384172733	0.164874718454824	0.121080280023812	0.0902345415383789	0.0689210038483499	0.329851071961898
"106"	0.221290301167563	0.161848136137984	0.119878558739195	0.0904273080391753	0.0693323894066487	0.33722330650943
"107"	0.221237090670999	0.161873859488659	0.119901666305151	0.0904376820872583	0.0693388417057555	0.337210859742174
"108"	0.224117433817295	0.164237584172856	0.1208550995628	0.0903022237968193	0.0690243645679699	0.331463294082255
"109"	0.224576967654762	0.164582264816855	0.120985172345987	0.0902736675121599	0.068973377757705	0.330608549912526
"110"	0.224834231833153	0.164775088191416	0.121057888960943	0.0902576429659218	0.0689448290888405	0.330130318959719
"111"	0.225011542876127	0.164907947517614	0.121107978944088	0.0902465884628976	0.0689251516726384	0.329800790526629
"112"	0.225146108823065	0.165008762365736	0.121145982234791	0.090238194779204	0.0689102174939968	0.329550734303201
"113"	0.225254149304347	0.165089696886761	0.121176488670276	0.090231453562574	0.0688982268806438	0.329349984695393
"114"	0.22534416945553	0.165157127658422	0.121201903602199	0.0902258355352723	0.0688882360724733	0.329182727676097
"115"	0.225421174187945	0.165214806257618	0.121223641919314	0.0902210290353682	0.0688796896831071	0.32903965891664
"116"	0.225488352474403	0.16526512272199	0.121242604890225	0.0902168353885877	0.0688722338269894	0.328914850697798
"117"	0.225547858454155	0.165309691335442	0.121259401189392	0.0902131203439329	0.0688656294502895	0.328804299226783
"118"	0.225601213944293	0.165349652429949	0.121274460750871	0.0902097890321413	0.0688597076675977	0.328705176175142
"119"	0.225649532931106	0.165385840683078	0.121288098249113	0.090206771992583	0.0688543448512312	0.328615411292882
"120"	0.225693654753107	0.165418884951181	0.121300550751262	0.0902040168803238	0.0688494478522028	0.328533444811917
"121"	0.22573422713899	0.165449270508095	0.121312001188476	0.0902014832939652	0.0688449447854933	0.328458073084975
"122"	0.225771760141587	0.165477379466497	0.121322593598413	0.0901991394154084	0.068840779044899	0.328388348333189
"123"	0.225806662389837	0.165503517945464	0.121332443369185	0.0901969597507611	0.0688369052800209	0.328323511264725
"124"	0.225839266176674	0.165527934870473	0.121341644327807	0.090194923566658	0.0688332866121424	0.328262944446238
"125"	0.225869845262646	0.165550835314137	0.121350273770024	0.0901930137804148	0.0688298926584553	0.328206139214317
"126"	0.225898627789716	0.165572390172439	0.121358396108373	0.0901912161548923	0.0688266980989218	0.328152671675651
"127"	0.225925805830146	0.165592743319385	0.121366065569469	0.0901895187030762	0.0688236816165624	0.328102184961355
"128"	0.225951542568591	0.165612016988101	0.121373328222608	0.090187911240191	0.0688208251003936	0.328054375880108
"129"	0.225975977786812	0.16563031588007	0.121380223528849	0.0901863850416288	0.0688181130367399	0.328008984725892
"130"	0.22599923210974	0.165647730346258	0.121386785540189	0.0901849325781073	0.0688155320380032	0.327965787387696
"131"	0.2260214103334	0.165664338880317	0.121393043839388	0.0901835473080795	0.068813070473328	0.327924589165481
"132"	0.226042604062592	0.16568021009462	0.121399024284839	0.0901822235131856	0.06881071817587	0.327885219868887
"133"	0.226062893822915	0.165695404302476	0.121404749606968	0.0901809561664901	0.0688084662083985	0.327847529892745
"134"	0.226082350767778	0.165709974796898	0.121410239890243	0.0901797408259798	0.0688063066738486	0.327811387045246
"135"	0.22610103806995	0.165723968893025	0.121415512966097	0.0901785735477377	0.0688042325608842	0.3277766739623
"136"	0.226119012064962	0.165737428784664	0.121420584735773	0.090177450814597	0.0688022376170002	0.327743285982997
"137"	0.226136323197529	0.16575039225323	0.121425469437541	0.0901763694770832	0.068800316243484	0.327711129391127
"138"	0.226153016810251	0.165762893258557	0.121430179869377	0.0901753267041973	0.0687984634078847	0.327680119949727
"139"	0.226169133805063	0.165774962434367	0.121434727575712	0.0901743199421352	0.0687966745706007	0.327650181672115
"140"	0.226184711201235	0.165786627506247	0.121439123004969	0.0901733468794653	0.068794945622953	0.327621245785126
"141"	0.226199782608704	0.165797913646199	0.121443375643191	0.0901724054175854	0.0687932728346494	0.327593249849665
"142"	0.226214378631676	0.16580884377496	0.121447494127985	0.0901714936455343	0.0687916528089936	0.327566137010844
"143"	0.226228527214431	0.165819438821015	0.121451486346143	0.090170609818408	0.0687900824445056	0.327539855355491
"144"	0.226242253938966	0.165829717943549	0.121455359517666	0.0901697523387798	0.0687885589018868	0.327514357359145
"145"	0.2262555822823	0.165839698725167	0.121459120268404	0.0901689197406415	0.0687870795754633	0.327489599408018
"146"	0.226268533839788	0.165849397339167	0.121462774693094	0.0901681106754634	0.0687856420684019	0.327465541384079
"147"	0.226281128519714	0.165858828695288	0.121466328410288	0.0901673239000471	0.0687842441711122	0.327442146303545
"148"	0.226293384713442	0.165868006567153	0.121469786610387	0.0901665582659043	0.0687828838423625	0.327419380000744
"149"	0.226305319444729	0.16587694370411	0.121473154097789	0.0901658127099356	0.068781559192709	0.327397210850721
"150"	0.226316948501177	0.165885651929682	0.121476435327991	0.0901650862462245	0.0687802684699045	0.327375609525014
"151"	0.226328286550319	0.16589414222852	0.121479634440364	0.0901643779587913	0.0687790100460168	0.327354548775982
"152"	0.226339347242445	0.165902424823414	0.12148275528717	0.0901636869951712	0.0687777824060139	0.327334003245779
"153"	0.226350143301937	0.165910509243702	0.121485801459346	0.0901630125607153	0.0687765841376298	0.327313949296665
"154"	0.226360686608611	0.165918404386196	0.121488776309463	0.0901623539135094	0.0687754139223341	0.32729436485988
"155"	0.226370988270365	0.16592611856959	0.121491682972235	0.0901617103598414	0.0687742705272704	0.32727522930069
"156"	0.226381058688198	0.16593365958316	0.121494524382865	0.0901610812501398	0.0687731527980399	0.32725652329759
"157"	0.226390907614557	0.165941034730461	0.121497303293517	0.090160465975331	0.0687720596522255	0.327238228733902
"158"	0.221290301015776	0.161848136198324	0.119878558792889	0.0904273080645892	0.0693323894241347	0.337223306504283
"159"	0.221219733901091	0.161882700638661	0.119909522173716	0.0904411633861734	0.0693409618055254	0.337205918094829
"160"	0.224902213482442	0.164875254721896	0.121109840024183	0.0902631810792016	0.0689383933998045	0.329911117292469
"161"	0.225446982429283	0.165279866607641	0.121261374013704	0.0902285296046422	0.0688778588599094	0.328905388484816
"162"	0.225746959046275	0.165502510902764	0.121344702522448	0.0902094065472616	0.0688445206802302	0.328351900301014
"163"	0.225951565923643	0.165654330218415	0.121401508820923	0.0901963519710693	0.0688217802121517	0.327974462853793
"164"	0.226105660914038	0.165768652805955	0.121444278971287	0.0901865156693361	0.0688046532237491	0.327690238415628
"165"	0.226228630240181	0.165859875014863	0.121478403853997	0.0901786639250804	0.0687909854545991	0.327463441511274
"166"	0.226330573174455	0.165935494481169	0.121506690272476	0.0901721534437998	0.0687796545725988	0.327275434055495
"167"	0.226417401239329	0.165999899046853	0.121530780552862	0.0901666074507493	0.0687700036039698	0.32711530810623
"168"	0.226492864238149	0.166055871634401	0.121551716179949	0.0901617868465542	0.0687616158044732	0.326976145296468
"169"	0.226559485341124	0.166105284627238	0.121570197808435	0.0901575306936454	0.0687542107489355	0.326853290780616
"170"	0.226619040977303	0.166149456165153	0.121586718654687	0.0901537256558036	0.0687475910016929	0.326743467545354
"171"	0.226672827529349	0.166189348123962	0.121601638607502	0.0901502890069661	0.0687416124783983	0.326644284253815
"172"	0.2267218190534	0.166225683185172	0.121615228046741	0.0901471585793184	0.0687361669179655	0.326553944217397
"173"	0.226766765334988	0.166259017612733	0.121627695080978	0.0901442865121369	0.0687311709850046	0.326471064474151
"174"	0.226808255411987	0.166289788396009	0.121639203190118	0.0901416352011784	0.0687265592100137	0.326394558590688
"175"	0.226846760170082	0.166318344859629	0.121649883054221	0.0901391745819885	0.06872227925534	0.326323558078732
"176"	0.226882661755715	0.166344970489471	0.121659840720663	0.0901368802536566	0.0687182886462055	0.326257358134282
"177"	0.226916274406162	0.166369898388977	0.121669163387537	0.0901347321498672	0.0687145524556134	0.326195379211836
"178"	0.226947859529642	0.16639332246843	0.12167792359026	0.0901327135766769	0.0687110416283059	0.326137139206678
"179"	0.22697763683597	0.166415405703468	0.121686182291495	0.0901308105022115	0.0687077317436602	0.326082232923188
"180"	0.22700579269417	0.166436286335916	0.12169399120112	0.0901290110232706	0.0687046020867893	0.326030316658728
"181"	0.227032486504648	0.166456082601414	0.121701394544959	0.0901273049586101	0.068701634940305	0.325981096450058
"182"	0.227057855624796	0.166474896383702	0.121708430431925	0.0901256835345269	0.0686988150368593	0.325934318988182
"183"	0.227082019223933	0.166492816074528	0.121715131923934	0.0901241391387726	0.0686961291306843	0.325889764508142
"184"	0.227105081334458	0.166509918837191	0.121721527882706	0.0901226651257596	0.0686935656584617	0.325847241161417
"185"	0.227127133291759	0.166526272416585	0.121727643646889	0.0901212556607862	0.06869111446814	0.325806580515833
"186"	0.227148255703706	0.166541936600243	0.121733501578626	0.0901199055942867	0.0686887666000257	0.325767633923106
"187"	0.227168520054257	0.166556964407924	0.121739121508556	0.0901186103594348	0.0686865141085473	0.325730269561273
"188"	0.227187990019554	0.166571403067924	0.121744521101027	0.0901173658881056	0.0686843499159742	0.325694370007408
"189"	0.227206722556068	0.166585294824252	0.121749716156046	0.0901161685413872	0.0686822676914695	0.32565983023077
"190"	0.227224768806437	0.166598677608581	0.121754720860626	0.0901150150517337	0.0686802617504084	0.325626555922208
"191"	0.227242174858346	0.166611585603171	0.121759547999361	0.0901139024744994	0.0686783269700276	0.325594462094587
"192"	0.227258982384087	0.166624049715278	0.121764209131881	0.0901128281470955	0.0686764587183415	0.325563471903308
"193"	0.227275229182546	0.166636097979188	0.121768714743234	0.0901117896543706	0.068674652793897	0.325533515646758
"194"	0.227290949640899	0.166647755898676	0.121773074371984	0.0901107847991239	0.0686729053744572	0.325504529914851
"195"	0.227306175129845	0.166659046740179	0.121777296719874	0.0901098115768634	0.068671212973074	0.325476456860158
"196"	0.227320934343481	0.166669991784893	0.12178138974612	0.0901088681540922	0.0686695724003053	0.325449243571101
"197"	0.227335253592867	0.166680610546522	0.121785360748856	0.0901079528495612	0.0686679807315914	0.325422841530596
"198"	0.227349157060596	0.166690920960107	0.121789216435769	0.090107064118004	0.0686664352789534	0.325397206146564
"199"	0.227362667022439	0.166700939546416	0.121792962985584	0.0901062005359827	0.0686649335663614	0.325372296343209
"200"	0.227375804040999	0.166710681555595	0.121796606101792	0.0901053607895139	0.0686634733082088	0.325348074203882
"201"	0.227388587135522	0.166720161093107	0.12180015105976	0.0901045436632234	0.0686620523904351	0.325324504657945
"202"	0.227401033931271	0.166729391230536	0.121803602748171	0.0901037480308007	0.0686606688539262	0.325301555205286
"203"	0.227413160791356	0.166738384103359	0.121806965705596	0.0901029728465821	0.068659320879859	0.325279195673241
"204"	0.227424982933408	0.166747150997486	0.121810244152862	0.0901022171380908	0.0686580067767338	0.325257398001412
"205"	0.227436514533151	0.166755702426082	0.121813442021782	0.0901014799994265	0.0686567249688621	0.325236136050688
"206"	0.227447768816585	0.166764048197934	0.12181656298073	0.0901007605853702	0.0686554739861203	0.325215385433252
"207"	0.227458758142236	0.166772197478463	0.121819610457458	0.0901000581061348	0.0686542524548062	0.325195123360894
"208"	0.227469494074754	0.1667801588443	0.121822587659512	0.0900993718226586	0.0686530590894604	0.325175328509309
"209"	0.22747998745089	0.166787940332229	0.12182549759253	0.0900987010423926	0.0686518926855318	0.32515598089642
"210"	0.221290300842156	0.161848136267343	0.119878558854306	0.0904273080936588	0.0693323894441361	0.337223306498395
"211"	0.221202629469272	0.161891661262364	0.119917437676365	0.0904446469203367	0.0693430592892801	0.337200565382379
"212"	0.225616054013379	0.16544588890993	0.121335498158589	0.0902260143390788	0.0688600117365907	0.328516532842427
"213"	0.226220613385493	0.165890826717571	0.121500924674717	0.0901867231389523	0.0687927378002032	0.327408174283057
"214"	0.226548042871247	0.166131646218878	0.121590402229309	0.0901653985979216	0.0687562970928506	0.326808212989786
"215"	0.226769059335869	0.166294158934315	0.121650769246165	0.0901509927969009	0.0687316980985829	0.32640332158816
"216"	0.226934240652123	0.166415599488929	0.121695873421585	0.0901402216314981	0.0687133129805142	0.326100751825345
"217"	0.227065257063069	0.16651191381947	0.121731642408001	0.0901316759621306	0.0686987302375671	0.325860780509756
"218"	0.227173324016635	0.166591352545761	0.121761142431703	0.090124625869765	0.0686867017245042	0.325662853411626
"219"	0.227264971612183	0.166658718670465	0.121786158147845	0.090118646127296	0.0686765006918879	0.325495004750315
"220"	0.227344323517053	0.166717044839714	0.121807816257806	0.0901134681023993	0.0686676681951249	0.325349679087896
"221"	0.227414143723439	0.166768363567905	0.121826871818708	0.0901089116834006	0.068659896608768	0.325221812597771
"222"	0.22747637155739	0.166814100841553	0.121843854530171	0.0901048504672308	0.0686529700872418	0.325107852516407
"223"	0.227532417944831	0.166855294052731	0.121859149721039	0.0901011924740426	0.0686467315935217	0.325005214213828
"224"	0.227583340064775	0.166892720460858	0.121873046082501	0.0900978687745066	0.0686410634616298	0.324911961155722
"225"	0.22762994962323	0.166926976824219	0.121885765254677	0.0900948264375944	0.0686358753463991	0.324826606513873
"226"	0.227672882813549	0.166958530849673	0.121897480941123	0.0900920239728428	0.0686310964371915	0.324747984985613
"227"	0.227712647116736	0.166987755608177	0.12190833169408	0.0900894282808743	0.0686266702491624	0.324675167050963
"228"	0.227749653546691	0.167014953245765	0.121918429722589	0.0900870125519798	0.0686225510344224	0.324607399898544
"229"	0.22778423943934	0.167040371740405	0.121927867117025	0.0900847547807572	0.068618701245625	0.32454406567684
"230"	0.227816684919379	0.167064217009555	0.121936720346431	0.0900826366926985	0.0686150897032144	0.324484651328716
"231"	0.227847225032566	0.167086661830403	0.121945053571812	0.0900806429532452	0.0686116902450908	0.324428726366875
"232"	0.227876058839973	0.167107852526202	0.12195292112961	0.0900787605748501	0.0686084807144049	0.324375926214953
"233"	0.227903356340684	0.167127914055883	0.121960369422062	0.0900769784655801	0.068605442189045	0.324325939526737
"234"	0.227929263814812	0.167146953942182	0.121967438376129	0.0900752870806988	0.0686025583869452	0.324278498399224
"235"	0.227953907999057	0.167165065341398	0.1219741625836	0.0900736781503608	0.0685998152013315	0.324233370724245
"236"	0.227977399387086	0.167182329469694	0.1219805722022	0.0900721444643661	0.0685972003333747	0.324190354143271
"237"	0.227999834865239	0.167198817540726	0.121986693675194	0.0900706797002522	0.0685947029988286	0.324149271219754
"238"	0.228021299837399	0.167214592327704	0.121992550311499	0.0900692782846998	0.0685923136915188	0.324109965547172
"239"	0.228041869953003	0.167229709433691	0.121998162757446	0.0900679352808159	0.0685900239910092	0.324072298584027
"240"	0.228061612523597	0.167244218332926	0.122003549383488	0.0900666462957297	0.0685878264049293	0.324036147059323
"241"	0.228080587692722	0.167258163230818	0.122008726603565	0.0900654074042766	0.0685857142387607	0.324001400829849
"242"	0.228098849408749	0.167271583779057	0.122013709140681	0.0900642150855325	0.0685836814875554	0.323967961098417
"243"	0.228116446239038	0.167284515674103	0.122018510249139	0.0900630661697004	0.0685817227453131	0.323935738922699
"244"	0.228133422055393	0.16729699116104	0.12202314190166	0.0900619577933881	0.0685798331286852	0.323904653959826
"245"	0.22814981661438	0.167309039460153	0.12202761494778	0.0900608873617478	0.0685780082123858	0.323874633403546
"246"	0.228165666051206	0.167320687129959	0.122031939248669	0.0900598525162532	0.0685762439742137	0.323845611079691
"247"	0.228181003302115	0.167331958377695	0.122036123792421	0.09005885110714	0.068574536748041	0.323817526672581
"248"	0.228195858467306	0.167342875326076	0.122040176793115	0.0900578811697223	0.0685728831834159	0.323790325060358
"249"	0.228210259124118	0.167353458243504	0.122044105776294	0.0900569409039626	0.0685712802107026	0.323763955741411
"250"	0.228224230598404	0.167363725743538	0.122047917653043	0.0900560286567589	0.0685697250108763	0.323738372337372
"251"	0.228237796200596	0.167373694958409	0.122051618784412	0.0900551429065449	0.0685682149892472	0.323713532160783
"252"	0.22825097743181	0.167383381690516	0.122055215037673	0.0900542822498387	0.0685667477525182	0.323689395837636
"253"	0.228263794164424	0.167392800545148	0.122058711835608	0.0900534453894587	0.0685653210886862	0.323665926976667
"254"	0.228276264800813	0.167401965047165	0.122062114199826	0.0900526311241659	0.0685639329493739	0.323643091878648
"255"	0.228288406413324	0.167410887743882	0.122065426788974	0.0900518383395294	0.0685625814342477	0.323620859280035
"256"	0.228300234868091	0.167419580296068	0.122068653932521	0.0900510659998463	0.068561264777238	0.323599200126228
"257"	0.228311764934844	0.167428053558665	0.122071799660734	0.090050313140975	0.0685599813343149	0.323578087370457
"258"	0.228323010384598	0.167436317652582	0.122074867731335	0.0900495788639605	0.0685587295726158	0.323557495794902
"259"	0.228333984076746	0.167444382028712	0.12207786165327	0.0900488623293486	0.0685575080607509	0.323537401851165
"260"	0.228344698036938	0.167452255525178	0.122080784707965	0.0900481627521071	0.0685563154601331	0.32351778351767
"261"	0.228355163526861	0.167459946418611	0.12208363996837	0.0900474793970687	0.0685551505172137	0.323498620171867
"262"	0.221290300644702	0.161848136345838	0.119878558924155	0.0904273081267189	0.0693323894668832	0.337223306491699
"263"	0.221185809440537	0.161900734493685	0.119925404095285	0.0904481278267121	0.0693451303882633	0.337194793755515
"264"	0.226263819062041	0.165956009667435	0.121535278247345	0.0901908997429771	0.0687887313704696	0.327265261909726
"265"	0.226907002788345	0.166425373673681	0.121708569253079	0.0901482562765781	0.0687170627605897	0.326093735247721
"266"	0.227249619138758	0.166675241769778	0.121800762593705	0.090125495776469	0.0686788805688434	0.325470000152439
"267"	0.227478487923944	0.166842113931444	0.121862317825615	0.0901102800863947	0.0686533734077	0.325053426824895
"268"	0.227648230167357	0.166965859737093	0.121907958655746	0.0900989906191886	0.068634455296407	0.324744505524201
"269"	0.22778204700771	0.167063407132966	0.121943933778709	0.0900900882368051	0.0686195408782417	0.324500982965561
"270"	0.227891867809826	0.167143457812936	0.121973454474056	0.0900827809354324	0.068607300764554	0.324301138203189
"271"	0.227984601556442	0.167211050597171	0.121998379958144	0.0900766097815217	0.0685969650022482	0.324132393104466
"272"	0.228064591674618	0.167269352835787	0.122019878774333	0.0900712861531339	0.0685880495373707	0.323986841024749
"273"	0.228134738183379	0.167320479117371	0.122038730995729	0.0900666172894639	0.0685802311706203	0.32385920324343
"274"	0.228197068894281	0.1673659079462	0.122055482004954	0.0900624683749747	0.068573283904485	0.323745788875097
"275"	0.228253054591884	0.167406711631217	0.122070527327047	0.0900587416100286	0.0685670438195697	0.323643921020245
"276"	0.228303794249076	0.167443691367064	0.122084162471777	0.0900553639080836	0.0685613884337974	0.323551599570194
"277"	0.228350129521471	0.167477460730528	0.122096613739786	0.0900522792886215	0.0685562239426901	0.323467292776895
"278"	0.228392718535069	0.167508499487627	0.122108058073501	0.0900494439736646	0.0685514769960593	0.323389802934069
"279"	0.228432085129267	0.167537189500423	0.122118636303401	0.090046823114818	0.068547089210025	0.323318176742058
"280"	0.228468652710372	0.167563839411025	0.122128462253675	0.090044388542854	0.0685430133941071	0.323251643687959
"281"	0.228502768128342	0.16758870205041	0.122137629163896	0.0900421171803043	0.068539210890188	0.323189572586852
"282"	0.22853471889637	0.167611986993	0.122146214319903	0.0900399898965105	0.0685356496533911	0.323131440240817
"283"	0.228564745855015	0.16763386978962	0.12215428245937	0.0900379906654957	0.068532302840657	0.323076808389834
"284"	0.228593052649035	0.16765449887652	0.122161888320124	0.0900361059357214	0.0685291477545376	0.323025306464054
"285"	0.228619812929746	0.167674000826082	0.122169078576759	0.0900343241510748	0.0685261650404801	0.32297661847585
"286"	0.228645175905414	0.16769248439311	0.122175893332989	0.090032635381691	0.0685233380682222	0.322930472918568
"287"	0.228669270672619	0.167710043672369	0.122182367286191	0.0900310310358453	0.0685206524490492	0.322886634883918
"288"	0.228692209635057	0.167726760590831	0.122188530646563	0.0900295036325305	0.0685180956547581	0.322844899840253
"289"	0.228714091230202	0.167742706895323	0.12219440987017	0.0900280466200649	0.0685156567137586	0.322805088670471
"290"	0.228735002124758	0.167757945752924	0.122200028249155	0.0900266542300381	0.0685133259663837	0.322767043676732
"291"	0.22875501899788	0.167772533050835	0.122205406391124	0.0900253213586666	0.06851109486614	0.322730625335345
"292"	0.228774210001301	0.167786518460726	0.122210562611656	0.0900240434696501	0.0685089558169695	0.322695709639689
"293"	0.228792635963853	0.167799946316742	0.122215513258095	0.0900228165140274	0.0685069020390008	0.322662185908274
"294"	0.228810351392011	0.167812856344826	0.122220272978502	0.0900216368635982	0.0685049274570325	0.322629954964022
"295"	0.228827405306385	0.167825284272443	0.12222485494651	0.0900205012552685	0.0685030266073021	0.322598927612084
"296"	0.228843841945253	0.167837262341394	0.122229271050432	0.0900194067442297	0.0685011945590719	0.322569023359612
"297"	0.228859701359613	0.167848819741547	0.1222335320532	0.0900183506643648	0.0684994268483074	0.322540169332959
"298"	0.228875019919124	0.167859982979619	0.122237647728363	0.09001733059458	0.068497719421288	0.322512299357017
"299"	0.228889830744418	0.167870776194274	0.12224162697628	0.0900163443300325	0.0684960685864216	0.322485353168563
"300"	0.228904164078216	0.167881221426628	0.122245477923871	0.0900153898574345	0.0684944709728827	0.322459275740959
"301"	0.228918047605295	0.167891338853469	0.122249208010614	0.0900144653337604	0.0684929234949483	0.322434016701905
"302"	0.228931506729531	0.16790114698918	0.122252824063006	0.0900135690678068	0.0684914233211209	0.322409529829345
"303"	0.228944564814682	0.167910662861237	0.122256332359282	0.0900126995041681	0.0684899678472906	0.322385772613331
"304"	0.228957243394445	0.167919902163318	0.122259738685865	0.0900118552092564	0.0684885546733236	0.322362705873782
"305"	0.228969562356363	0.16792887938934	0.122263048386797	0.0900110348590614	0.0684871815825633	0.322340293425866
"306"	0.22898154010336	0.167937607951197	0.122266266407151	0.0900102372283984	0.0684858465238275	0.322318501786056
"307"	0.228993193696084	0.167946100282504	0.122269397331288	0.0900094611814353	0.0684845475955412	0.322297299913137
"308"	0.229004538978716	0.1679543679303	0.122272445416666	0.0900087056633178	0.0684832830317162	0.322276658979276
"309"	0.229015590690486	0.167962421636312	0.122275414623815	0.090007969692746	0.0684820511895203	0.322256552167111
"310"	0.229026362564795	0.167970271409213	0.122278308642967	0.0900072523553802	0.0684808505382311	0.322236954489405
"311"	0.229036867417542	0.167977926588991	0.122281130917804	0.0900065527979574	0.0684796796493881	0.322217842628309
"312"	0.229047117226042	0.16798539590447	0.122283884666658	0.0900058702230406	0.0684785371880002	0.322199194791779
"313"	0.229057123199703	0.167992687524817	0.122286572901512	0.0900052038843142	0.0684774219046666	0.322180990584979
"314"	0.221290300421289	0.161848136434652	0.119878559003186	0.0904273081641252	0.0693323894926208	0.337223306484123
"315"	0.221169302716696	0.161909914295491	0.119933413587862	0.0904516017013366	0.0693471716909373	0.337188596007674
"316"	0.226850329218573	0.166411585108967	0.121712048837487	0.0901579384852557	0.0687240609638642	0.326144037385848
"317"	0.227514728660807	0.166892617709439	0.121888457940688	0.0901130639548151	0.0686499332409875	0.324941198493255
"318"	0.227862814909167	0.16714448601285	0.121980767824508	0.0900895097023872	0.0686110918346262	0.324311329716454
"319"	0.22809292442156	0.167310950329538	0.122041762303739	0.0900739274290899	0.0685854136344353	0.323895021881631
"320"	0.228262281784402	0.167433450523133	0.122086641948312	0.0900624546345391	0.0685665143266619	0.323588656782944
"321"	0.228394984716018	0.167529430223306	0.122121802558197	0.0900534627314188	0.0685517051899598	0.323348614581093
"322"	0.228503342654795	0.167607797790501	0.122150509629656	0.0900461192052817	0.068539612719036	0.323152618000721
"323"	0.228594446940375	0.167673684446819	0.122174643785602	0.0900399442208691	0.0685294456249893	0.322987834981338
"324"	0.228672735714396	0.167730301233205	0.122195381754902	0.0900346373676778	0.0685207086647231	0.322846235265088
"325"	0.228741160760682	0.167779783618661	0.122213506040498	0.0900299987924238	0.0685130724487745	0.322722478338953
"326"	0.228801779030602	0.167823619609186	0.122229561857447	0.0900258891990696	0.068506307438755	0.322612842864931
"327"	0.228856077875596	0.16786288510433	0.122243943400793	0.0900222078483065	0.0685002476569284	0.322514638114038
"328"	0.228905165564569	0.167898381754054	0.122256944371062	0.0900188796663157	0.0684947694272903	0.322425859216701
"329"	0.228949888720107	0.167930721928503	0.122268789113911	0.0900158472967239	0.0684897782712229	0.322344974669523
"330"	0.228990907805639	0.167960383332697	0.122279652634008	0.0900130659906943	0.068485200484	0.322270789752954
"331"	0.229028747382612	0.167987745365575	0.122289673918311	0.0900105002043577	0.068480977526608	0.322202355602526
"332"	0.229063830585124	0.16801311405993	0.122298965074553	0.0900081212644535	0.0684770621786971	0.322138906837235
"333"	0.22909650338491	0.168036739635725	0.122307617762871	0.0900059057250961	0.0684734158308102	0.322079817660578
"334"	0.229127052057426	0.168058829134671	0.122315707825021	0.0900038341848466	0.0684700065353031	0.322024570262723
"335"	0.229155716004154	0.168079555695322	0.122323298682601	0.0900018904182128	0.0684668075754607	0.321972731624241
"336"	0.229182697331537	0.16809906548189	0.12233044387557	0.0900000607267812	0.0684637963965499	0.321923936187664
"337"	0.229208168119269	0.168117482941545	0.122337188988329	0.0899983334468383	0.0684609537947171	0.321877872709291
"338"	0.229232276012973	0.168134914849645	0.122343573131709	0.0899966985704753	0.0684582632928768	0.321834274142312
"339"	0.229255148582251	0.168151453461872	0.122349630097744	0.0899951474503206	0.0684557106543715	0.321792909753434
"340"	0.2292768967558	0.168167178998789	0.122355389269871	0.0899936725667903	0.0684532834996292	0.321753578909112
"341"	0.229297617557484	0.168182161624758	0.122360876347874	0.0899922673426971	0.0684509710008274	0.321716106126351
"342"	0.229317396306568	0.168196463039275	0.122366113930836	0.0899909259941535	0.0684487636363555	0.321680337092803
"343"	0.229336308402668	0.168210137767939	0.122371121990054	0.0899896434096182	0.068446652991619	0.321646135438092
"344"	0.2293544207856	0.168223234218265	0.1223759182558	0.0899884150509639	0.0684446315961267	0.321613380093236
"345"	0.229371793138298	0.168235795549683	0.122380518536021	0.0899872368719563	0.0684426927892455	0.321581963114786
"346"	0.229388478884979	0.168247860395429	0.122384936980769	0.0899861052506074	0.0684408306088105	0.321551787879396
"347"	0.229404526024751	0.168259463465428	0.122389186303048	0.0899850169326756	0.0684390396980941	0.321522767575995
