"V1"	"V1"	"V1"	"V1"	"V1"	"V1"
"1"	0.294908961841451	0.202639427908824	0.136277389603272	0.0937044259709847	0.0658453358680983	0.206624458807369
"2"	0.283490175493721	0.210318504907612	0.140469072822725	0.0930467428973934	0.0674517168707006	0.205223787007843
"3"	0.283663057535219	0.210290807766168	0.140434699539794	0.0930339480903143	0.0674238525958045	0.205153634472697
"4"	0.28384241583388	0.210262724361837	0.140399299301364	0.0930205499658634	0.0673948258637912	0.205080184673256
"5"	0.284028247200576	0.210234244430282	0.140362863484982	0.0930065424496713	0.067364636168328	0.205003466266154
"6"	0.28422062719799	0.210205368178341	0.140325371182544	0.0929919183123203	0.0673332691729685	0.204923445955836
"7"	0.284419575914382	0.210176086917488	0.140286813857229	0.0929766727006196	0.0673007200603195	0.204840130549966
"8"	0.284625126396726	0.210146401147403	0.140247177670249	0.0929607997876965	0.0672669811560549	0.20475351384187
"9"	0.284837277385622	0.210116303175326	0.140206456142176	0.0929442945363822	0.0672320510185602	0.204663617741925
"10"	0.285056028227495	0.210085789919693	0.140164639851996	0.0929271575836428	0.0671959290373602	0.204570455379813
"11"	0.285281432861377	0.210054861783681	0.140121717881977	0.0929093803167643	0.0671586035994982	0.204474003556698
"12"	0.28551341235706	0.210023514760788	0.140077692063705	0.0928909693660589	0.0671200870153494	0.204374324437053
"13"	0.28575198098291	0.209991751654018	0.140032555996097	0.0928719177484093	0.0670803749246721	0.204271418693898
"14"	0.28599712679082	0.20995956974974	0.139986303667859	0.0928522251117886	0.0670394679606677	0.20416530671913
"15"	0.286248789299297	0.209926971911511	0.139938940828337	0.0928318960098888	0.0669973753031413	0.204056026647823
"16"	0.286506931435756	0.209893959989857	0.139890468195362	0.0928109302020885	0.0669541012518306	0.203943608925096
"17"	0.286771463120201	0.209860535693712	0.139840893419498	0.0927893355827827	0.0669096600326015	0.203828112151202
"18"	0.287042351847504	0.209826705606061	0.139790217620011	0.0927671111202694	0.0668640553520532	0.203709558454107
"19"	0.287319505630504	0.209792471548016	0.139738452303989	0.0927442669188311	0.0668173020321841	0.203588001566464
"20"	0.287602762456525	0.209757837398942	0.139685613951934	0.0927208106271588	0.0667694269987311	0.203463548566703
"21"	0.287892140860915	0.209722817356207	0.139631707260305	0.0926967438442854	0.0667204244884544	0.203336166189832
"22"	0.288187358276296	0.20968741641183	0.139576764107441	0.0926720878476181	0.0666703429413058	0.203206030415519
"23"	0.288488420922994	0.209651644557383	0.139520787703003	0.0926468442090371	0.0666191792855009	0.203073123322086
"24"	0.288795156959963	0.209615506201953	0.139463801456241	0.09262102596011	0.0665669627600821	0.202937546661644
"25"	0.289107357637371	0.209579020268046	0.13940583653544	0.0925946523076629	0.0665137280315098	0.202799405219973
"26"	0.289424889865242	0.209542194268285	0.139346915405975	0.0925677328777668	0.066459497014412	0.202658770568318
"27"	0.289747510350362	0.209505037267748	0.139287074686446	0.0925402910510068	0.0664043112360996	0.202515775408341
"28"	0.290075151014339	0.209467574106671	0.139226328791878	0.0925123345116019	0.0663481816450962	0.202370429930413
"29"	0.290407511331773	0.209429813131013	0.139164725267932	0.0924838873203223	0.0662911598373012	0.20222290311167
"30"	0.2907443590988	0.209391772801687	0.139102303923933	0.0924549763062239	0.066233284056579	0.20207330381278
"31"	0.291085562138211	0.209353467100118	0.139039090903303	0.0924256116671059	0.0661745781088551	0.201921690082406
"32"	0.291430780878969	0.209314921770603	0.138975140259286	0.0923958241071896	0.066115099817286	0.20176823316666
"33"	0.291779859739134	0.209276150734888	0.13891048320096	0.0923656303622979	0.0660548772454794	0.201612998717247
"34"	0.292132400810368	0.209237169931907	0.138845184700115	0.0923350728215335	0.0659939775670744	0.201456194169002
"35"	0.292488284774419	0.209198005176273	0.13877927275955	0.0923041571705006	0.0659324228475868	0.201297857271665
"36"	0.292847140361334	0.209158681092323	0.138712813805387	0.0922729233543429	0.0658702775781336	0.201138163808473
"37"	0.293208753036923	0.209119213093956	0.138645845384229	0.0922413921644794	0.0658075795824679	0.200977216737948
"38"	0.293572778231321	0.209079631568318	0.13857843381766	0.0922096001946764	0.0657443889616302	0.200815167226401
"39"	0.293938925338602	0.20903995174122	0.138510631239496	0.0921775775302534	0.0656807563035365	0.200652157846898
"40"	0.294306899457562	0.209000203812453	0.138442493464599	0.0921453517970254	0.0656167348100293	0.200488316658339
"41"	0.294676372791151	0.208960407940432	0.138374081760785	0.0921129599574264	0.0655523822188804	0.200323795331307
"42"	0.295047037672779	0.208920591000092	0.138305456771837	0.0920804330386139	0.0654877527713301	0.20015872874535
"43"	0.295418558175207	0.208880777314022	0.138236681648911	0.0920478060692825	0.0654229065524644	0.199993270240108
"44"	0.295790657275993	0.208840993198644	0.138167812181762	0.0920151099251985	0.0653578927760196	0.199827534642376
"45"	0.296162980436743	0.208801261600661	0.138098916363008	0.0919823833062876	0.065292775377085	0.199661682916211
"46"	0.296535200705858	0.208761608180266	0.138030056053624	0.0919496599724861	0.0652276128225557	0.199495862265215
"47"	0.296906997779042	0.208722060492644	0.137961298771633	0.0919169755104221	0.0651624627777513	0.199330204668512
"48"	0.297278042446381	0.208682642609335	0.137892706036509	0.0918843662069799	0.065097384443995	0.199164858256819
"49"	0.297648008970196	0.208643376969452	0.137824344033502	0.0918518699387911	0.0650324365724529	0.198999963515609
"50"	0.298016571734962	0.208604292083725	0.137756278385023	0.0918195217962793	0.0649676784034559	0.198835657596552
"51"	0.298383407728384	0.208565408961658	0.13768857289729	0.0917873585579893	0.0649031688460251	0.198672083008651
"52"	0.298748188187552	0.208526752059833	0.137621292773816	0.0917554183365759	0.0648389669383805	0.198509381703837
"53"	0.299110623507284	0.208488346224977	0.137554501626207	0.09172373425851	0.0647751272326591	0.198347667150356
"54"	0.299470362486724	0.208450206664585	0.137488260698988	0.0916923495449861	0.0647117106218141	0.198187109982898
"55"	0.29982714182526	0.208412365950452	0.137422635557016	0.0916612922432546	0.0646487694466166	0.198027794977398
"56"	0.300180580107872	0.208374834027522	0.137357691861276	0.0916306119175401	0.064586369659202	0.197869912426579
"57"	0.300530512452044	0.208337638329485	0.137293474942428	0.0916003238829031	0.0645245457240976	0.197713504669044
"58"	0.300876559645928	0.208300796366394	0.137230055884624	0.0915704774284527	0.0644633646940683	0.197558745980546
"59"	0.301218389345482	0.208264326876592	0.137167501070799	0.0915411106032102	0.064402888451254	0.197405783652672
"60"	0.301555819757982	0.208228245740377	0.137105852511119	0.0915122532783341	0.0643431509183513	0.197254677793845
"61"	0.30188848143749	0.208192570974045	0.137045181521654	0.0914839456952452	0.0642842192124885	0.197105601159084
"62"	0.302216236414988	0.208157309705565	0.136985518525773	0.0914562127063784	0.0642261207534848	0.196958601893811
"63"	0.302538675173204	0.208122486996168	0.136926944438009	0.0914290975954822	0.0641689310622314	0.196813864734902
"64"	0.302855681941977	0.208088105487253	0.136869485399384	0.0914026250748329	0.0641126715577468	0.196671430538804
"65"	0.303166903555456	0.208054178731628	0.136813206627892	0.0913768418908408	0.0640574047759123	0.196531464418257
"66"	0.303472195948908	0.20802072515157	0.136758149227005	0.0913517599737304	0.0640031643316744	0.196394005367104
"67"	0.303771204494972	0.207987746662797	0.136704369883062	0.0913274318213857	0.0639500102869179	0.196259236850863
"68"	0.304063843240768	0.207955241593717	0.136651891761742	0.0913038789309466	0.0638979618799701	0.196127182592852
"69"	0.304349803045061	0.207923236583716	0.136600775222608	0.0912811310886329	0.0638470749115749	0.195997979148406
"70"	0.304628935656953	0.207891721736711	0.136551049958674	0.0912592200010825	0.0637973786138239	0.19587169403275
"71"	0.304900903966647	0.207860706621621	0.136502776008844	0.0912381903960839	0.0637489323704102	0.195748490636404
"72"	0.305165681724869	0.207830184162869	0.136455958087135	0.0912180487097359	0.0637017456342384	0.195628381681149
"73"	0.305422948788115	0.20780016200486	0.136410656471452	0.0911988414743681	0.0636558738598886	0.195511517401319
"74"	0.305672652071743	0.207770640516712	0.136366883164025	0.0911805815645365	0.063611330718329	0.195397911964659
"75"	0.30591446512213	0.20774161111957	0.136324691101835	0.0911633168755465	0.0635681726628034	0.195287743118114
"76"	0.306148275667057	0.207713076221349	0.136284098188306	0.0911470636088589	0.063526422851119	0.195181063463314
"77"	0.306373889765341	0.207685033428521	0.136245139727186	0.0911318516853194	0.0634861156684146	0.195077969725217
"78"	0.30659119009973	0.207657464881776	0.136207830171247	0.0911177098381482	0.0634472724788091	0.194978532530286
"79"	0.306799971044632	0.207630370842163	0.13617220439396	0.0911046633608937	0.0634099320504021	0.194882858307958
"80"	0.307000072520637	0.207603742071447	0.136138282426302	0.0910927398376655	0.0633741216451314	0.194791041498823
"81"	0.307191377568272	0.20757757308591	0.136106085335158	0.0910819625567699	0.0633398639540211	0.194703137499872
"82"	0.307373663156067	0.207551838987128	0.136075634142547	0.0910723660217777	0.0633071982535818	0.194619299438901
"83"	0.307546886999705	0.207526537714557	0.136046939354643	0.091063962361905	0.063276131991638	0.194539541577537
"84"	0.30771082304555	0.207501656081731	0.136020027035026	0.0910567856681953	0.0632467055561937	0.194464002613298
"85"	0.307865369263793	0.207477167209287	0.135994902366303	0.0910508585528823	0.0632189368085295	0.194392765799212
"86"	0.308010372603585	0.207453067614568	0.135971585949674	0.0910462030415707	0.0631928526438771	0.194325918146733
"87"	0.308145705226627	0.20742933244906	0.135950085232645	0.09104284517674	0.0631684752440656	0.194263556670869
"88"	0.308271211074082	0.207405945157213	0.135930415688943	0.0910408114348365	0.0631458306660023	0.194205785978935
"89"	0.308386772962748	0.207382887322279	0.135912583040943	0.0910401202989938	0.063124939852575	0.194152696522456
"90"	0.30849230062188	0.20736013115288	0.135896587043158	0.0910407939307064	0.0631058175384212	0.194104369712956
"91"	0.308587631847875	0.207337662149624	0.135882441086065	0.0910428544763243	0.063088491525066	0.194060918915051
"92"	0.308672664049155	0.207315456482295	0.135870146100511	0.0910463225196982	0.0630729782094999	0.194022432638851
"93"	0.308747347562735	0.207293488284848	0.13585969434367	0.0910512099357369	0.0630592871038717	0.193988972769143
"94"	0.308811427307783	0.207271731811663	0.135851104794612	0.0910575545459073	0.0630474581182916	0.19396072342174
"95"	0.308864867052148	0.20725016450411	0.135844367792482	0.0910653661765997	0.0630374976497094	0.193937736824951
"96"	0.308907567625678	0.20722875563338	0.135839476383954	0.0910746639624627	0.0630294205154594	0.193920115879054
"97"	0.308939439174323	0.207207482871482	0.135836429564531	0.0910854589653399	0.0630232434010311	0.193907946023291
"98"	0.308960382879929	0.207186313814217	0.135835213697082	0.091097769470741	0.0630189789356154	0.193901341202412
"99"	0.308970312145273	0.207165226396116	0.135835829802311	0.0911116099854134	0.0630166425891851	0.193900379081702
"100"	0.308969110357539	0.207144185902748	0.135838266859447	0.091126998354642	0.0630162513115536	0.193905187214064
"101"	0.308956754998002	0.20712315986667	0.135842500385907	0.0911439399200158	0.0630178063837104	0.193915838445692
"102"	0.308933218751176	0.207102128482369	0.135848516101693	0.0911624354927282	0.0630213126788647	0.193932388493177
"103"	0.3088983336077	0.207081051968317	0.135856310752467	0.0911825126695052	0.0630267951037238	0.193954995898286
"104"	0.30885210410821	0.207059905676913	0.135865857473089	0.0912041688784377	0.0630342510801438	0.193983712783196
"105"	0.30879444283516	0.207038654166954	0.135877142601969	0.0912274181156946	0.063043692370623	0.194018649909603
"106"	0.308725387016004	0.207017268748013	0.135890135203093	0.0912522518272626	0.0630551124780212	0.194059844727599
"107"	0.308644975995232	0.206995720790027	0.135904793658975	0.0912786580375756	0.0630685022538227	0.194107349264366
"108"	0.308553085860499	0.206973976357563	0.135921114683763	0.0913066582760645	0.0630838788547527	0.194161285967359
"109"	0.308449700181739	0.206952000686074	0.135939064533039	0.0913362522405892	0.0631012420543944	0.194221740304161
"110"	0.308334986028003	0.206929770356945	0.135958591792128	0.0913674070654132	0.0631205639690605	0.194288680788443
"111"	0.308208952071463	0.206907253651764	0.135979663748258	0.0914001185549336	0.0631418401263194	0.19436217184726
"112"	0.308071546005075	0.206884419536958	0.136002257489475	0.0914343919813166	0.0631650750058027	0.194442309981379
"113"	0.307922958501787	0.206861237611049	0.136026309651309	0.0914701922173624	0.063190235504433	0.19452906651406
"114"	0.307763222336322	0.206837683517918	0.136051790782568	0.0915075113510455	0.0632173136513215	0.194622478360823
"115"	0.307592488674696	0.206813723210578	0.13607863733138	0.0915463170525762	0.0632462816598565	0.194722552070913
"116"	0.307410829762228	0.206789335649497	0.136106815279345	0.0915865973558002	0.0632771238225612	0.194829298130565
"117"	0.307218447543669	0.206764491551535	0.136136258997891	0.0916283126774923	0.0633098051700278	0.194942684059386
"118"	0.307015492859723	0.206739168749537	0.136166915853128	0.0916714339928855	0.0633442980025372	0.195062690542194
"119"	0.306802212211276	0.206713344025622	0.136198716251742	0.0917159151971594	0.0633805585302517	0.195189253783944
"120"	0.306578757051184	0.206686994970613	0.136231611902726	0.0917617309737546	0.0634185589378649	0.195322346163858
"121"	0.306345388356089	0.206660098771336	0.136265528441607	0.0918088314220504	0.0634582534011103	0.195461899607805
"122"	0.306102440586219	0.206632641898081	0.136300392690901	0.0918571592963292	0.0634995854986785	0.195607780029784
"123"	0.305850097109518	0.206604599631525	0.136336142487849	0.0919066807589298	0.0635425199024198	0.195759960109759
"124"	0.30558876527965	0.206575967030176	0.136372697322158	0.0919573242302644	0.0635869897380326	0.195918256399721
"125"	0.305318722118487	0.206546721357306	0.136409983759251	0.0920090418810131	0.0636329450377636	0.196082585846184
"126"	0.305040419273986	0.206516858951546	0.136447912914456	0.0920617571418372	0.0636803105118331	0.196252741206334
"127"	0.304754134558283	0.206486363386516	0.136486418020325	0.0921154216735632	0.0637290375115974	0.196428624849715
"128"	0.304460357512359	0.20645523513104	0.136525406312678	0.0921699536158407	0.0637790434520496	0.196610003976023
"129"	0.304159416319074	0.206423463599014	0.136564806443015	0.0922252964882499	0.0638302718785818	0.196796745272067
"130"	0.303851897931626	0.206391049168083	0.136604511982688	0.0922813540574766	0.0638826258659301	0.196988560994194
"131"	0.303538158208702	0.206357988799272	0.136644452884164	0.0923380682015446	0.0639360441168873	0.19718528778943
"132"	0.303218787662222	0.206324288580067	0.136684526776948	0.0923953406018199	0.0639904289687254	0.197386627410223
"133"	0.302894251476634	0.206289951446822	0.136724651386535	0.0924530967063638	0.0640457021342237	0.197592346849417
"134"	0.302565031000213	0.206254983522277	0.136764743313588	0.0925112603981999	0.0641017831955928	0.197802198570132
"135"	0.302231787396029	0.206219395294036	0.136804693154498	0.0925697233541152	0.0641585638785585	0.198015836922765
"136"	0.301894948831042	0.206183195025662	0.136844432345609	0.0926284194894354	0.0642159717718816	0.198233032536371
"137"	0.301555087107649	0.206146398017935	0.136883871265048	0.0926872590371542	0.0642739127872824	0.198453471784936
"138"	0.301212863647707	0.206109020211403	0.136922907137199	0.0927461366839736	0.0643322785997097	0.19867679372001
"139"	0.300868763489904	0.206071076365497	0.136961468454353	0.092804979432113	0.0643909891135177	0.19890272314462
"140"	0.300523400620939	0.206032588483229	0.136999465491588	0.0928636922100097	0.0644499430674396	0.19913091012679
"141"	0.300177358467097	0.205993577255358	0.137036817562563	0.0929221852313862	0.0645090455512121	0.199361015932387
"142"	0.299831186347235	0.205954062675116	0.137073447346813	0.0929803775520348	0.0645682063638319	0.199592719714964
"143"	0.29948547767029	0.205914071125072	0.137109276932422	0.0930381782272353	0.0646273288443496	0.19982566720064
"144"	0.299140775337512	0.205873626076799	0.137144236657461	0.0930955089854944	0.0646863247050628	0.200059528237671
"145"	0.298797621052635	0.205832751009842	0.137178257477506	0.0931522886264306	0.0647451056221826	0.200293976211397
"146"	0.298456578907314	0.205791475420484	0.137211272723196	0.0932084359955737	0.0648035797908013	0.200528657162638
"147"	0.29811813633109	0.20574982303379	0.137243226867076	0.0932638818964026	0.0648616682801338	0.200763263591513
"148"	0.297782818963185	0.205707823404905	0.137274061462201	0.0933185506148964	0.0649192861454252	0.200997459409405
"149"	0.297451089922134	0.205665501691445	0.137303728445834	0.0933723784029587	0.0649763581203496	0.201230943417272
"150"	0.29712339578056	0.205622882989968	0.137332184129148	0.0934253044866783	0.065032812241957	0.201463420371682
"151"	0.296800176400026	0.205579995315384	0.137359388319113	0.0934772695761613	0.0650885773123197	0.201694593076998
"152"	0.296481831838266	0.20553686205334	0.137385308140947	0.0935282196814258	0.06514358906344	0.201924189222574
"153"	0.29616870080849	0.205493503007218	0.137409918507263	0.093578113340021	0.0651977925861007	0.202151971750902
"154"	0.295861156687567	0.205449944478988	0.137433194738659	0.0936269027587881	0.0652511280096085	0.202377673326387
"155"	0.295559476373189	0.205406203383055	0.137455123804001	0.0936745554542258	0.0653035507184126	0.202601090267114
"156"	0.295263934755903	0.205362297132518	0.137475695171546	0.0937210401685882	0.0653550165609427	0.202822016210495
"157"	0.294974765829404	0.205318242702157	0.137494906386185	0.0937663309994099	0.0654054882511246	0.203040265831723
"158"	0.294692158330687	0.20527404861067	0.137512758595695	0.0938104111051157	0.0654549353451459	0.203255688012684
"159"	0.294416290166241	0.205229728018017	0.137529259061857	0.0938532643852278	0.0655033295524393	0.203468128816213
"160"	0.294147270513491	0.20518528588148	0.137544422506673	0.0938948852638478	0.0655506536644866	0.203677482170029
"161"	0.293885194156258	0.205140725295723	0.137558266539266	0.0939352711371566	0.0655968926768019	0.20388365019479
"162"	0.293630131058187	0.205096046510984	0.137570813020189	0.0939744226846212	0.0656420358098103	0.204086550916203
"163"	0.293382087512656	0.205051244152144	0.137582091527428	0.0940123501807156	0.0656860827034353	0.20428614392363
"164"	0.293141064004581	0.205006311771848	0.137592132730929	0.0940490650912161	0.0657290336981064	0.204482392703322
"165"	0.292907029377399	0.204961239169124	0.137600970944649	0.0940845829558389	0.0657708949056678	0.204675282647328
"166"	0.292679928519788	0.204916013982558	0.137608644733647	0.0941189226781699	0.0658116757014208	0.204864814384414
"167"	0.29245965693425	0.204870616509774	0.137615197010641	0.0941521114030976	0.065851394268671	0.205051023873569
"168"	0.29224610838847	0.204825026505466	0.137620671126581	0.0941841748901475	0.0658900688063509	0.205233950282979
"169"	0.292039155495926	0.20477922083304	0.137625110829226	0.0942151425111387	0.0659277212684424	0.205413649062227
"170"	0.291838639232627	0.204733173763941	0.137628565642009	0.0942450473925514	0.0659643788341433	0.205590195134719
"171"	0.291644382846948	0.204686854869444	0.137631084569126	0.0942739256295619	0.0660000716579439	0.205763680426979
"172"	0.291456225573264	0.204640234927485	0.137632713803259	0.0943018090651623	0.066034827731137	0.205934188899692
"173"	0.29127395935863	0.204593280752488	0.13763350476994	0.0943287383028332	0.0660686826751012	0.206101834141009
"174"	0.291097377230657	0.204545960156457	0.137633507262133	0.0943547519622578	0.0661016721611106	0.20626673122739
"175"	0.290926278808859	0.204498236774647	0.137632768725947	0.0943798869070624	0.0661338306572709	0.206428998126206
"176"	0.290760442543048	0.20445007589294	0.137631338325564	0.0944041842478736	0.0661651968695178	0.206588762121054
"177"	0.290599656180994	0.204401444543389	0.137629262094411	0.0944276822210316	0.0661958074445458	0.206746147515631
"178"	0.290443713939823	0.204352308205176	0.137626584360312	0.0944504186411465	0.0662256984296388	0.206901276423904
"179"	0.290292410000397	0.204302632891518	0.137623347516656	0.094472431077423	0.0662549058639838	0.207054272650022
"180"	0.290145568961236	0.204252387439759	0.137619588424149	0.0944937530941205	0.0662834612145966	0.207205240866139
"181"	0.290003039429214	0.204201539869094	0.137615338483302	0.0945144136801017	0.0663113923216463	0.207354276216645
"182"	0.289864722043657	0.204150060708964	0.13761062104729	0.0945344359036142	0.066338718691118	0.207501441605351
"183"	0.289730593236358	0.204097915216063	0.137605445271325	0.0945538306730665	0.0663654489683627	0.207646766634825
"184"	0.289600766222721	0.204045066491525	0.137599798349684	0.0945725887517779	0.0663915708123843	0.207790209371906
"185"	0.289475549363712	0.203991463228307	0.137593634573467	0.0945906721459162	0.0664170425122881	0.207931638176314
"186"	0.289355589608101	0.20393703590777	0.13758685319926	0.0946079897314987	0.0664417711733704	0.20807076037999
"187"	0.289242037875642	0.20388167876704	0.137579268993209	0.0946243730232461	0.0664655873376008	0.208207054003256
"188"	0.289136796369222	0.203825233077671	0.13757057352583	0.094639535918015	0.0664882076172672	0.208339653491992
"189"	0.289042826073054	0.203767459491816	0.137560281001508	0.0946530258364888	0.0665091884514661	0.208467219145676
"190"	0.28896440073248	0.203707998897045	0.137547679765618	0.094664184829776	0.0665278914739749	0.208587844301109
"191"	0.288907340006211	0.203646337137075	0.137531784207103	0.0946721146061699	0.0665434557251666	0.208698968318273
"192"	0.288878893098501	0.203581758751821	0.137511331596439	0.0946756992567803	0.0665548302226732	0.208797487073785
"193"	0.288887372521169	0.203513330185151	0.13748482009268	0.0946736667325066	0.0665608517815544	0.208879958686933
"194"	0.288941285837666	0.203439927608947	0.137450623276857	0.0946647284830274	0.0665604025217514	0.208943032271752
"195"	0.289048225837714	0.203360359893095	0.137407164075945	0.0946477429947126	0.0665525959662879	0.20898391123225
"196"	0.289213552459028	0.203273599608722	0.137353156084956	0.0946218923104963	0.066536966016233	0.209000833520555
"197"	0.28943868203819	0.203179133610921	0.137287961366033	0.0945868963969791	0.0665136527469076	0.208993673840964
"198"	0.289718528803317	0.203077418099312	0.137212153265155	0.094543362360379	0.0664836496684243	0.208964887803406
"199"	0.290037655032874	0.202970375368567	0.137128313639804	0.0944933945959116	0.0664492420980085	0.208921019264836
"200"	0.290366286284418	0.202861802233454	0.137041804762389	0.0944413472016566	0.0664145548828963	0.208874204635189
"201"	0.290659607788413	0.202757293208929	0.136960853824294	0.0943941322525879	0.0663856940647548	0.20884241886103
"202"	0.290864228618528	0.202663274924477	0.136895318962085	0.0943603065450842	0.0663697352477938	0.208847135702027
"203"	0.29093090244212	0.202585313781596	0.136854457746321	0.0943479795875389	0.066372623510836	0.208908722931589
"204"	0.290828338751417	0.202526547523768	0.136844667634108	0.0943624744022155	0.066397091907202	0.209040879781294
"205"	0.290552510725886	0.202487040923962	0.136867900604521	0.0944047524814561	0.0664418636654434	0.209245931598734
"206"	0.29012898433624	0.202464119886584	0.136920848526309	0.0944709611359746	0.0665023570059244	0.209512729108973
"207"	0.289606760509121	0.202453278910189	0.136995344488919	0.094553296267714	0.0665722900705874	0.209819029753467
"208"	0.289044382299794	0.202449247149489	0.137080443589516	0.0946421815174167	0.0666454326397285	0.21013831280406
"209"	0.288493331485895	0.202446985751933	0.137165629045704	0.0947290693843789	0.0667169819689262	0.210448002363163
"210"	0.287985891174035	0.202442443310219	0.137243565362832	0.0948086098623814	0.0667843041591723	0.210735186131353
"211"	0.287532102342327	0.202432943806897	0.137311113082678	0.0948792559096695	0.0668469333565775	0.210997651501855
"212"	0.287124556228618	0.202417172862234	0.137368640125957	0.0949424422002329	0.0669060158738183	0.211241172709141
"213"	0.286746795304576	0.202394876275825	0.137418487485663	0.0950011108410056	0.0669634894818675	0.211475240611063
"214"	0.286380662844165	0.202366451208619	0.137463553891649	0.0950584262789079	0.0670213736559392	0.211709532120716
"215"	0.286010893573868	0.202332596218823	0.137506404363472	0.0951169951128368	0.0670813074642402	0.211951803266756
"216"	0.285626892247005	0.202294080501438	0.137548913093687	0.095178583330905	0.0671443595188445	0.212207171308119
"217"	0.285222846022991	0.202251627704846	0.137592223303917	0.095244116107875	0.067211012691424	0.212478174168944
"218"	0.284797028424221	0.202205877220394	0.137636863220853	0.0953138099598946	0.0672812428513913	0.212765178323255
"219"	0.284350832344414	0.202157389099839	0.137682901817632	0.0953873433248587	0.067354638412072	0.213066895001187
"220"	0.283887823008577	0.202106661172253	0.137730096023921	0.0954640199011656	0.0674305229171023	0.213380876976995
"221"	0.283412805852558	0.202054146274645	0.13777802571467	0.0955429299630175	0.0675080792410159	0.213704012954101
"222"	0.282931075462876	0.202000258968245	0.137826195554455	0.095623085158343	0.0675864506646888	0.214032934191384
"223"	0.282447771337976	0.201945378924273	0.137874116609117	0.0957035304985797	0.0676648290001157	0.214364373629939
"224"	0.281967426167922	0.201889844808967	0.137921359907651	0.0957834268912606	0.0677425150534748	0.21469542717072
"225"	0.281493698838632	0.201833950703328	0.137967589164183	0.095862100658927	0.0678189542791073	0.215023706355834
"226"	0.281029231516837	0.201777945528705	0.13801257487138	0.0959390681070052	0.0678937547767594	0.21534742519931
"227"	0.280575674142049	0.201722027734948	0.138056190553191	0.096014031089722	0.0679666810920853	0.215665395388
"228"	0.28013376822058	0.201666353863332	0.13809840574721	0.0960868596773645	0.0680376387299706	0.215976973761544
"229"	0.279703534705763	0.201611037712317	0.138139260729068	0.0961575575916619	0.0681066454545982	0.216281963806589
"230"	0.279284453143558	0.201556159291694	0.138178848882608	0.0962262276148511	0.0681738024676766	0.216580508599611
"231"	0.278875645914945	0.201501769574294	0.138217296104931	0.0962930368433501	0.0682392646459687	0.216872986916518
"232"	0.278476056568452	0.201447897435843	0.138254739355774	0.0963581839340212	0.0683032137010396	0.217159909004872
"233"	0.278084578333421	0.20139455514805	0.138291314828741	0.0964218743964363	0.0683658376246127	0.217441839668728
"234"	0.277700162487748	0.201341742382743	0.138327144367301	0.0964843021581817	0.0684273134550494	0.217719335148979
"235"	0.277321847689073	0.201289448234142	0.138362333921105	0.0965456426429646	0.0684878032525865	0.217992924260133
"236"	0.276948820694333	0.201237658838125	0.138396969479172	0.0966060434686847	0.0685474443564549	0.218263063163226
"237"	0.27658041519859	0.201186354674984	0.138431113848624	0.0966656247060121	0.0686063501061088	0.218530141465678
"238"	0.276216097899938	0.201135516980072	0.138464813920258	0.0967244814157834	0.0686646114633264	0.218794478320615
"239"	0.275855463724485	0.201085125065858	0.138498099530892	0.0967826850522578	0.0687222983848772	0.219056328241633
"240"	0.275498213162631	0.201035160297598	0.138530986931992	0.0968402889641045	0.06877946359797	0.219315887045699
"241"	0.275144124547166	0.200985605061689	0.13856348397519	0.0968973315318744	0.0688361467768909	0.219573308107186
"242"	0.274793052950765	0.200936446113137	0.138595590001794	0.0969538381061149	0.0688923746027779	0.219828698225418
"243"	0.274444892175079	0.200887671044377	0.138627301216431	0.0970098273142121	0.0689481671078788	0.220082141142016
"244"	0.274099585121154	0.200839271777277	0.138658608184045	0.0970653089612989	0.069003536358246	0.22033368959798
"245"	0.273757101412599	0.200791243679835	0.13868950181665	0.0971202892317481	0.0690584894051064	0.220583374454054
"246"	0.273417433659285	0.200743584706409	0.138719969785475	0.0971747691180532	0.0691130295142305	0.220831213216545
"247"	0.273080585338507	0.200696295651315	0.138750000773379	0.0972287487944141	0.0691671573295618	0.221077212112827
"248"	0.272746573356569	0.200649382547777	0.13877958497206	0.097282225950916	0.0692208715340962	0.221321361638575
"249"	0.272415418555926	0.200602851045562	0.138808712152652	0.097335196633575	0.069274169628369	0.22156365198391
"250"	0.2720871467855	0.200556709954273	0.138837372213567	0.0973876572642604	0.0693270480827818	0.221804065699622
"251"	0.271761782901029	0.20051097177605	0.138865558190318	0.0974396034519051	0.069379502891267	0.222042580789435
"252"	0.271439354815041	0.200465648739172	0.138893262989092	0.0974910306783888	0.0694315302210932	0.222279172557205
"253"	0.271119888243676	0.200420755815389	0.138920480419302	0.0975419342441791	0.0694831255857809	0.222513815691681
"254"	0.270803404021116	0.200376307926542	0.138947206204632	0.0975923107523166	0.0695342852999732	0.22274648579543
"255"	0.270489920367628	0.200332322278116	0.138973437985498	0.0976421560168479	0.0695850063965927	0.222977156955324
"256"	0.270179457987975	0.200288816562657	0.138999171909279	0.0976914670240628	0.06963528495168	0.22320580156434
"257"	0.269872025051399	0.200245805602657	0.139024406747756	0.0977402411273743	0.0696851192508456	0.223432402219971
"258"	0.269567630924328	0.200203309572746	0.139049142997954	0.0977884761589837	0.069734506841948	0.223656933504044
"259"	0.269266284357387	0.200161343859943	0.139073378640584	0.0978361703493726	0.0697834463259732	0.223879376466745
"260"	0.268967992955561	0.200119927512323	0.139097115363521	0.0978833222546568	0.0698319358168598	0.224099706097077
"261"	0.268672748766675	0.2000790746559	0.139120354284374	0.0979299318270523	0.0698799759069609	0.224317914559044
"262"	0.268380561757037	0.200038803778599	0.139143096211214	0.0979759971774209	0.069927564870492	0.224533976205233
"263"	0.268091425089655	0.199999128490506	0.139165342625373	0.0980215192757581	0.0699747035240643	0.224747880994636
"264"	0.267805333837258	0.19996006365341	0.139187096110682	0.0980664978564972	0.0700213919426052	0.224959616599546
"265"	0.267522286525533	0.199921624111369	0.139208359732446	0.0981109333051976	0.0700676305099266	0.225169165815522
"266"	0.267242281595828	0.199883819529928	0.139229132490021	0.0981548253167247	0.0701134195400009	0.225376521527502
"267"	0.266965307310373	0.1998466631878	0.139249419069524	0.0981981763212624	0.0701587607337964	0.225581673377246
"268"	0.26669136595799	0.199810165725857	0.13926922090673	0.0982409849382863	0.0702036541051574	0.225784608365978
"269"	0.266420442418041	0.199774334634002	0.139288541160071	0.0982832540512425	0.0702481019406195	0.22598532579603
"270"	0.266152544047427	0.199739179525267	0.139307380936023	0.0983249829882959	0.0702921037688012	0.226183808734195
"271"	0.265887659564754	0.199704704469129	0.139325742630609	0.0983661729730614	0.0703356615774187	0.226380058785028
"272"	0.265625792780952	0.199670919507778	0.139343629490679	0.0984068247283224	0.0703787753876704	0.226574058104592
"273"	0.265366926518611	0.199637823092995	0.139361043064614	0.098446940365526	0.0704214486885691	0.226765818269698
"274"	0.265111065198322	0.199605422377349	0.139377987001191	0.0984865205865052	0.0704636807246117	0.226955324112023
"275"	0.26485820907384	0.199573717105692	0.13939446124623	0.0985255650185288	0.0705054728806277	0.227142574675074
"276"	0.264608351220972	0.199542709293218	0.139410471057578	0.0985640758669662	0.0705468262627484	0.22732756629852
"277"	0.264361498500761	0.199512398578999	0.139426016400057	0.0986020528642088	0.0705877415453478	0.227510292110634
"278"	0.264117642494564	0.199482783677142	0.139441102276573	0.0986394982322726	0.0706282196294662	0.227690753689983
"279"	0.263876784066431	0.199453860757709	0.139455729943848	0.0986764117437312	0.0706682618004632	0.227868951687812
"280"	0.263638911758424	0.199425628726877	0.139469903129169	0.0987127957639893	0.0707078699471483	0.228044890674385
"281"	0.26340404403153	0.199398079911142	0.139483624843352	0.0987486495043653	0.070747042522081	0.228218559187531
"282"	0.263172166429148	0.199371211224984	0.139496898805607	0.0987839748664937	0.0707857822465257	0.228389966427237
"283"	0.262943286129472	0.199345017519998	0.139509728876224	0.0988187725604125	0.0708240882495996	0.228559106664299
"284"	0.262717406981464	0.199319490832417	0.139522117105628	0.0988530423138061	0.0708619611046038	0.228725981662078
"285"	0.262494528699393	0.199294625197826	0.13953407044255	0.0988867851591026	0.0708994008327792	0.228890589668355
"286"	0.262274634458624	0.199270409342707	0.139545590769572	0.0989200037159258	0.0709364105032674	0.229052951209907
"287"	0.262057752187051	0.199246838433728	0.139556683704501	0.0989526958524816	0.0709729862316769	0.229213043590559
"288"	0.261843868723774	0.199223900632201	0.139567353652082	0.098984864240361	0.0710091301431667	0.229370882608408
"289"	0.261632978031395	0.199201587463565	0.139577606789616	0.0990165096754671	0.0710448437039193	0.229526474336037
"290"	0.261425099202078	0.199179888745478	0.139587447519749	0.0990476311896658	0.0710801238155159	0.229679809527513
"291"	0.261220223765771	0.199158793042408	0.13959688228515	0.0990782299743762	0.0711149719267548	0.229830899005541
"292"	0.261018349149548	0.199138290888692	0.139605915488582	0.0991083077569571	0.0711493879177958	0.229979748798423
"293"	0.26081949102135	0.199118369724908	0.139614555393796	0.0991378628505504	0.0711833700004428	0.230126351008952
"294"	0.260623644639173	0.199099021265277	0.139622806981195	0.0991668973076013	0.0712169178900083	0.230270711916744
"295"	0.260430804488441	0.199080227265843	0.139630677520463	0.0991954116328979	0.0712500325492111	0.230412846543153
"296"	0.260241002879518	0.199061984661189	0.13963817508097	0.0992234037212153	0.0712827090261993	0.23055272463091
"297"	0.260054204322444	0.199044274346429	0.139645304590391	0.0992508771287264	0.0713149508937243	0.230690388718286
"298"	0.25987044276129	0.199027088130488	0.139652074166517	0.099277829810824	0.071346754007874	0.230825811123008
"299"	0.259689706625234	0.199010410871628	0.139658492661428	0.0993042629488984	0.0713781187852972	0.230959008107509
"300"	0.259512003390429	0.198994233983243	0.139664567264359	0.0993301784623067	0.0714090432928398	0.231089973606826
"301"	0.259337336211141	0.198978542273532	0.139670304885873	0.0993555730818232	0.0714395263371364	0.231218717210494
"302"	0.259165707664228	0.198963325359394	0.139675716541412	0.0993804502799425	0.0714695665226121	0.231345233632402
"303"	0.258997138388901	0.198948571512476	0.139680808542222	0.0994048083976438	0.0714991606198455	0.231469512538909
"304"	0.258831604460427	0.198934265692242	0.139685588243533	0.0994286485904528	0.0715283104104139	0.231591582602923
"305"	0.258669138373037	0.19892039972286	0.139690067387482	0.0994519713603748	0.0715570110359305	0.231711412120316
"306"	0.258509720778173	0.198906959283335	0.139694252564544	0.0994747767002484	0.0715852633769278	0.231829027296772
"307"	0.258353369252415	0.198893931578479	0.139698155491241	0.0994970649391608	0.0716130636908279	0.231944415047875
"308"	0.258200098134203	0.198881308387095	0.139701782203171	0.099518836335995	0.0716404102824864	0.23205756465706
"309"	0.258049886315142	0.198869075321088	0.139705141785662	0.099540092135624	0.0716673035890719	0.232168500853401
"310"	0.257902753540281	0.198857221080288	0.13970824717165	0.0995608339624416	0.0716937403791431	0.2322772038662
"311"	0.257758702278247	0.198845738934213	0.139711104728308	0.0995810608992743	0.0717197190004281	0.232383674159523
"312"	0.257617736755379	0.198834612483178	0.139713726842976	0.0996007753022064	0.0717452378621687	0.232487910754093
"313"	0.257479841525144	0.198823830716424	0.139716119105068	0.0996199771974962	0.0717702973830422	0.232589934072822
"314"	0.257345045685354	0.198813388840455	0.139718294424696	0.0996386700543118	0.0717948935936877	0.232689707401492
"315"	0.25721333936885	0.198803272230867	0.139720262778677	0.0996568529101469	0.0718190255686977	0.23278724714276
"316"	0.2570847145722	0.198793470271752	0.139722031175763	0.0996745290683103	0.0718426939973466	0.23288256091463
"317"	0.256959185649318	0.198783973682644	0.139723611169966	0.0996916986621351	0.0718658957706335	0.232975635065319
"318"	0.256836737110611	0.198774775057064	0.139725013375549	0.0997083665747236	0.071888631801528	0.233066476080526
"319"	0.256717376216284	0.198765863932189	0.139726245403726	0.0997245335856701	0.0719109009135936	0.233155079948532
"320"	0.256601103635108	0.198757230744056	0.139727319957432	0.0997402023396219	0.071932701157891	0.233241442165891
"321"	0.25648791449771	0.19874886668206	0.13972824541917	0.0997553773086694	0.0719540330712481	0.233325563021138
"322"	0.256377782855725	0.198740758736778	0.139729031763139	0.0997700591097197	0.0719748986689614	0.233407468865681
"323"	0.256270731237913	0.198732906597953	0.13972968831673	0.0997842534293501	0.0719952950510634	0.233487125366992
"324"	0.256166744531483	0.198725296117112	0.139730226073148	0.0997979620740856	0.0720152231660307	0.233564548038133
"325"	0.256065808154269	0.198717924326532	0.139730654834531	0.0998111911420693	0.0720346844157599	0.233639737126837
"326"	0.255967907425215	0.198710778735759	0.13973098297584	0.0998239450415287	0.0720536804108419	0.233712705410817
"327"	0.255873053999859	0.198703854553667	0.139731221122699	0.0998362253073552	0.0720722093050215	0.233783435711411
"328"	0.255781224487729	0.198697146984595	0.139731378764483	0.0998480401086235	0.0720902741636466	0.23385193549092
"329"	0.255692406032059	0.198690642586827	0.139731466245897	0.0998593911467259	0.0721078756037054	0.233918218384785
"330"	0.255606586230241	0.198684343418723	0.139731490759267	0.0998702883154345	0.0721250161976078	0.233982275078719
"331"	0.255523743141305	0.198678234583777	0.139731464102689	0.0998807343285585	0.0721416978632099	0.234044125980461
"332"	0.255443863219172	0.198672316697116	0.139731395400077	0.0998907370083635	0.0721579235390611	0.234103764136207
"333"	0.255366921141935	0.198666577676611	0.139731291414368	0.0999003008639437	0.0721736954746719	0.234161213428466
"334"	0.255292920415699	0.198661019121228	0.139731163540644	0.0999094342078516	0.072189014952121	0.234216447762458
"335"	0.25522183010851	0.19865563425914	0.139731022747721	0.0999181449970671	0.0722038859046082	0.234269481982955
"336"	0.255153632449767	0.19865041635668	0.139730873685427	0.0999264362972488	0.0722183104024201	0.234320330808455
"337"	0.25508829641122	0.198645361765682	0.139730725607849	0.0999343195455096	0.0722322943130708	0.234369002356672
"338"	0.255025793430847	0.198640463354293	0.139730588579421	0.0999418006461613	0.0722458410327976	0.234415512956475
"339"	0.254966113403795	0.198635722735938	0.139730470996192	0.0999488894102971	0.0722589533642244	0.234459850089555
"340"	0.254909231388748	0.198631133783021	0.139730383430691	0.0999555936313199	0.0722716361346405	0.234502021631583
"341"	0.254855106093136	0.198626690782088	0.139730328626846	0.0999619197637537	0.0722838937478457	0.23454206098633
"342"	0.254803719621254	0.198622391996256	0.139730319494607	0.0999678792378945	0.0722957313463521	0.234579958303634
"343"	0.254755027537297	0.198618231083088	0.139730359323179	0.099973478311955	0.0723071544753906	0.234615749269102
"344"	0.254709030644021	0.198614212358727	0.139730461355975	0.0999787286995023	0.0723181658760234	0.234649401065744
"345"	0.254665679128192	0.198610332423707	0.139730630658099	0.0999836408051496	0.0723287726832102	0.234680944301643
"346"	0.254624954092884	0.198606582707529	0.139730872247604	0.099988218885466	0.0723389785717208	0.234710393494797
"347"	0.254586790443975	0.198602967889037	0.13973119724854	0.0999924799738888	0.072348794116596	0.234737770327963
