"V1"	"V1"	"V1"	"V1"	"V1"	"V1"
"1"	0.329942854265193	0.211548208168342	0.134453289069696	0.0887731396793651	0.0602604570904717	0.175022051726932
"2"	0.317926783306241	0.220878635478057	0.14147292023551	0.0917665872839483	0.0609311001198516	0.167023973576384
"3"	0.318117491739279	0.220898501799907	0.14145613457664	0.0917385353732695	0.0609035204823221	0.166885816028584
"4"	0.318307358499144	0.220918241836602	0.141438845934983	0.0917103847787049	0.0608759808320282	0.166749188118536
"5"	0.318496358874455	0.220937842059074	0.141421062096224	0.0916821429035926	0.0608484875714043	0.166614106495248
"6"	0.318684446894391	0.220957281501602	0.141402794206874	0.0916538178521669	0.0608210496835785	0.166480609861388
"7"	0.318871587679534	0.220976544190398	0.141384051922282	0.0916254184507258	0.0607936758779992	0.166348721879059
"8"	0.319057746408087	0.220995608920772	0.141364847849497	0.0915969529621594	0.0607663732784152	0.166218470581083
"9"	0.319242891209723	0.221014461846961	0.141345189399863	0.0915684304119212	0.060739150206547	0.166089876924965
"10"	0.319426981431134	0.221033087921402	0.141325085314327	0.0915398580805823	0.0607120152545156	0.165962971998037
"11"	0.319609987841378	0.221051468511436	0.14130454767662	0.0915112448099081	0.0606849751207069	0.165837776039949
"12"	0.319791866268723	0.221069586344147	0.141283587110757	0.0914826001858408	0.060658040491079	0.16571431959946
"13"	0.319972596489788	0.22108742762056	0.141262210794461	0.0914539298759872	0.0606312159053189	0.165592619313897
"14"	0.320152132952807	0.221104973957342	0.141240430923495	0.0914252452452304	0.060604511739131	0.165472705181995
"15"	0.320330453895629	0.221122215087562	0.141218255721377	0.0913965516788693	0.0605779336646753	0.165354589951882
"16"	0.32050752200013	0.221139130366737	0.141195698078802	0.0913678587564714	0.060551490465305	0.165238300332554
"17"	0.320683301263942	0.221155707565223	0.141172764271892	0.0913391748637432	0.0605251902842272	0.165123861750987
"18"	0.320857776973592	0.221171935541725	0.141149462101225	0.0913105054894637	0.0604990382357706	0.165011281658219
"19"	0.32103090217881	0.221187795866987	0.141125807745936	0.0912818616537653	0.0604730439606011	0.164900588593902
"20"	0.321202655533952	0.221203275203843	0.141101803757346	0.0912532495276053	0.0604472134843895	0.164791802492869
"21"	0.321373005538534	0.221218363181139	0.141077464100157	0.0912246767367089	0.0604215554947388	0.164684934948717
"22"	0.321541914370597	0.221233043296541	0.141052795698909	0.0911961541743714	0.0603960768000798	0.164580015659519
"23"	0.321709379268467	0.221247305130602	0.141027807374497	0.0911676834313407	0.0603707814790007	0.164477043316095
"24"	0.321875346360834	0.221261133154951	0.141002510757671	0.0911392776183194	0.0603456812282348	0.164376050879997
"25"	0.322039796038065	0.22127451825011	0.140976913507052	0.0911109426073655	0.0603207802081377	0.164277049389278
"26"	0.322202710873303	0.221287445672382	0.140951023451247	0.0910826838254539	0.0602960848332571	0.164180051344345
"27"	0.322364068364201	0.221299906816941	0.140924848105523	0.0910545080215057	0.0602716011034038	0.164085067588424
"28"	0.322523831518187	0.221311887240606	0.140898398774643	0.0910264244615882	0.0602473367640035	0.163992121240968
"29"	0.32268197763449	0.221323376471024	0.140871683662167	0.0909984407865087	0.0602232984671104	0.163901222978699
"30"	0.322838499553515	0.221334367192901	0.140844708793293	0.0909705596236434	0.0601994904223592	0.163812374414293
"31"	0.322993351346503	0.221344842057745	0.140817484559116	0.0909427931066079	0.060175921492381	0.163725607437645
"32"	0.323146532451401	0.22135479637754	0.140790016116239	0.0909151426597956	0.060152595080747	0.163640917314264
"33"	0.323298010241287	0.221364215191732	0.140762313462399	0.0908876175007024	0.0601295177377643	0.163558325866118
"34"	0.323447763075843	0.221373092651983	0.140734385804528	0.0908602242212554	0.0601066969392363	0.163477837307156
"35"	0.323595789398704	0.221381418850102	0.140706235490631	0.0908329655555828	0.0600841339185371	0.163399456786434
"36"	0.323742050840227	0.221389181471132	0.140677874513774	0.0908058509306624	0.0600618379039036	0.163323204340305
"37"	0.323886542880791	0.221396374668591	0.140649305360542	0.0907788832431692	0.0600398112584706	0.163249082588416
"38"	0.324029239641971	0.221402989337433	0.140620539654052	0.0907520708753088	0.0600180615618801	0.163177098929346
"39"	0.324170135391938	0.221409013837602	0.14059158097403	0.0907254169315636	0.0599965918016823	0.163107261063184
"40"	0.324309207164333	0.221414442458562	0.140562438070772	0.0906989276999402	0.0599754069048904	0.163039577701496
"41"	0.324446440860388	0.221419263686952	0.140533116671026	0.0906726088741741	0.0599545134763311	0.162974056431132
"42"	0.324581828285249	0.221423474680043	0.14050362161195	0.0906464642265243	0.059933913081128	0.162910698115099
"43"	0.324715355862542	0.221427063363208	0.140473960777208	0.0906204982541423	0.0599136110209815	0.16284951072192
"44"	0.324847011883245	0.22143002362822	0.140444139528531	0.0905947160457607	0.0598936115781139	0.162790497336133
"45"	0.324976789888169	0.221432348754893	0.140414162399606	0.0905691215014557	0.0598739173055158	0.162733660150362
"46"	0.325104670334856	0.221434030839076	0.140384036535787	0.0905437201206947	0.0598545343054098	0.162679007864182
"47"	0.325230652537211	0.221435062495621	0.140353766957204	0.0905185145005149	0.0598354642096844	0.162626539299746
"48"	0.325354729191436	0.221435437892729	0.140323358332696	0.0904935086844844	0.0598167106173796	0.162576255281272
"49"	0.3254768877188	0.221435149874478	0.140292815140191	0.090468706946194	0.0597982776928249	0.162528162627523
"50"	0.325597126161145	0.221434190991946	0.140262143493343	0.0904441125425542	0.059780168005474	0.162482258805544
"51"	0.325715441094183	0.221432557089226	0.140231347234728	0.0904197281677736	0.0597623837728638	0.162438542641214
"52"	0.32583182510871	0.221430241156961	0.140200430980799	0.0903955576881516	0.0597449280742519	0.162397016991106
"53"	0.325946281896789	0.221427238483435	0.14016939862503	0.0903716025511737	0.0597278027787992	0.162357675664773
"54"	0.326058801821741	0.221423541548173	0.140138255186557	0.0903478664019286	0.0597110113797115	0.162320523661888
"55"	0.326169388289528	0.22141914595155	0.140107003732362	0.0903243519261417	0.0596945548024036	0.162285555298024
"56"	0.326278032625101	0.221414044955693	0.140075649104948	0.0903010622338239	0.059678436917651	0.162252774162765
"57"	0.326384745913383	0.221408233689546	0.140044193633974	0.0902779977503867	0.0596626575294035	0.162222171483313
"58"	0.326489524532329	0.221401709009115	0.14001264234126	0.0902551615183687	0.0596472193365011	0.162193743262429
"59"	0.3265923739004	0.221394464111007	0.139980996192203	0.090232554899931	0.0596321234082537	0.162167487488215
"60"	0.326693292786668	0.221386493442431	0.139949260394544	0.0902101799141644	0.0596173712483886	0.162143402213813
"61"	0.326792285809265	0.221377795071691	0.139917437202752	0.0901880379641537	0.0596029643376656	0.162121479614463
"62"	0.326889364275774	0.221368362379749	0.139885529909814	0.090166129588834	0.0595889023653823	0.162101711480457
"63"	0.326984524223124	0.221358191719839	0.139853541229529	0.0901444571131133	0.0595751877700873	0.162084097944309
"64"	0.327077779796858	0.221347277646892	0.139821472518212	0.0901230207334399	0.0595618207833666	0.162068628521237
"65"	0.327169139538111	0.221335617856754	0.139789327024141	0.0901018206100828	0.0595488003639349	0.162055294606985
"66"	0.327258602468369	0.221323207581979	0.139757106646528	0.09008085896156	0.0595361294459615	0.16204409489561
"67"	0.327346187596943	0.221310042340564	0.139724814600324	0.0900601346671551	0.0595238061241924	0.162035014670818
"68"	0.3274319031038	0.221296119650841	0.139692451688533	0.0900396484678647	0.0595118309453124	0.162028046143652
"69"	0.327515756824354	0.221281434388451	0.139660019043156	0.0900194003493263	0.0595002040052547	0.162023185389448
"70"	0.327597755884387	0.2212659823648	0.139627520486934	0.0899993919241349	0.0594889262011871	0.162020423138559
"71"	0.327677922096758	0.221249761672844	0.139594956728821	0.0899796206247608	0.0594779954556025	0.16201974342121
"72"	0.327756262052154	0.22123276891741	0.13956232875492	0.0899600877596695	0.0594674116735329	0.162021140842311
"73"	0.327832790741415	0.221214999983858	0.139529638392539	0.0899407923515179	0.0594571750160098	0.162024603514656
"74"	0.327907526896736	0.221196452377523	0.139496885590047	0.0899217332099088	0.0594472828798284	0.162030119045955
"75"	0.32798047916237	0.221177121977297	0.139464073844391	0.0899029104895213	0.0594377359489603	0.162037678577471
"76"	0.328051671330148	0.22115700781118	0.13943120110823	0.0898843215991926	0.0594285316572171	0.16204726649403
"77"	0.328121107122184	0.221136103976766	0.139398270986685	0.0898659684778838	0.0594196713920775	0.162058878044405
"78"	0.328188813106725	0.221114408681263	0.139365282376383	0.089847847810861	0.0594111517018644	0.16207249632291
"79"	0.328254807396232	0.221091920730217	0.139332237200648	0.0898299588897599	0.0594029713447842	0.162088104438366
"80"	0.328319101699782	0.221068634238042	0.139299135121886	0.0898123003143329	0.0593951297296454	0.162105698896303
"81"	0.328381719954557	0.221044550387424	0.139265977141567	0.0897948708513079	0.0593876241292197	0.162125257535926
"82"	0.328442679012638	0.221019662892208	0.139232763066424	0.0897776688904377	0.0593804538524316	0.162146772285857
"83"	0.328501994541066	0.220993970893391	0.139199494087984	0.0897606936400794	0.0593736171545864	0.162170229682894
"84"	0.328559697525746	0.220967472235442	0.139166168423236	0.0897439408339996	0.0593671107829771	0.162195610198603
"85"	0.328615799110411	0.220940164104475	0.139132788189572	0.089727411020652	0.0593609337676803	0.162222903807199
"86"	0.328670323442349	0.22091204374791	0.139099352507224	0.0897111013521391	0.0593550837245198	0.162252095225863
"87"	0.328723288054226	0.22088310853436	0.139065861290256	0.0896950107717224	0.0593495592717159	0.162283172077725
"88"	0.328774723462492	0.220853357025748	0.139032313443417	0.0896791351309162	0.059344356465998	0.162316114471429
"89"	0.328824640069412	0.220822786460071	0.138998710912173	0.0896634751762804	0.0593394752522841	0.162350912129788
"90"	0.328873072448928	0.220791395057549	0.138965050428019	0.0896480255470382	0.0593349108287471	0.162387545689718
"91"	0.328920028929793	0.220759178796574	0.138931334037373	0.0896327871913608	0.0593306635250085	0.162426007519888
"92"	0.328965545215308	0.220726138345938	0.138897559620361	0.0896177553537943	0.0593267285822028	0.162466272882416
"93"	0.32900963748299	0.220692269305191	0.138863726925911	0.0896029286003939	0.0593231048047292	0.16250833288079
"94"	0.329052328290472	0.220657569526588	0.138829835838267	0.0895883052459504	0.0593197893084689	0.162552171790265
"95"	0.32909364278381	0.22062203934626	0.138795884861812	0.089573882258629	0.0593167795863614	0.16259777116313
"96"	0.329133604290568	0.220585673271484	0.138761873422886	0.0895596566189122	0.0593140731316005	0.162645119264549
"97"	0.329172235693846	0.220548472078762	0.138727800903122	0.0895456270853444	0.0593116669768034	0.162694197262127
"98"	0.329209556536677	0.220510431538384	0.138693666188019	0.0895317914439796	0.0593095596391298	0.162744994653807
"99"	0.329245601439383	0.220471550980492	0.138659467006428	0.0895181447610436	0.0593077464405609	0.162797489372097
"100"	0.329280382990643	0.220431827942013	0.138625203569545	0.0895046869249795	0.059306226566635	0.162851672006174
"101"	0.329313922911703	0.220391260189312	0.138590874971836	0.0894914161501569	0.0593049975148497	0.162907528262131
"102"	0.329346255848576	0.22034984584618	0.138556478838866	0.0894783272574137	0.0593040551174217	0.162965037091546
"103"	0.329377392902675	0.220307582853303	0.138522014360331	0.0894654204671576	0.0593033985476773	0.163024190868861
"104"	0.32940737056663	0.22026446894223	0.138487479389196	0.0894526904927422	0.0593030230636113	0.163084967545596
"105"	0.329436194391514	0.220220501679089	0.138452874317312	0.089440138560628	0.0593029290139907	0.163147362037479
"106"	0.329463903899848	0.220175679749808	0.138418194941311	0.0894277587781178	0.0593031110585431	0.163211351572361
"107"	0.329490517224142	0.220130000503525	0.138383440730068	0.0894155500888046	0.0593035675540105	0.163276923899443
"108"	0.329516051851975	0.220083461198181	0.138348609952655	0.0894035105946538	0.0593042967715763	0.163344069630959
"109"	0.329540529945858	0.220036060192782	0.138313701727015	0.0893916388038659	0.0593052961806777	0.163412773149804
"110"	0.329563982457766	0.219987795194059	0.138278712221002	0.0893799299539921	0.0593065619405166	0.163483018232666
"111"	0.329586427152295	0.219938664452716	0.1382436407562	0.0893683830139531	0.0593080924961559	0.163554792128683
"112"	0.329607892329275	0.219888664510045	0.138208483348322	0.0893569944910644	0.0593098845615117	0.163628080759765
"113"	0.329628390337807	0.219837793258851	0.138173239550129	0.0893457640891829	0.0593119371140328	0.163702875649985
"114"	0.329647949240716	0.219786048443891	0.138137906192372	0.0893346882739613	0.059314246871349	0.163779160977715
"115"	0.329666590502649	0.219733426985118	0.138102480788749	0.0893237648449521	0.0593168115090905	0.163856925369434
"116"	0.329684342775812	0.219679926539945	0.138066959663113	0.0893129906591512	0.0593196276753733	0.163936152686605
"117"	0.32970122600249	0.219625544556587	0.138031340334619	0.0893023635320161	0.0593226933953953	0.164016832178889
"118"	0.329717260813963	0.219570277365514	0.13799561979569	0.0892918816147094	0.0593260067232201	0.164098953686917
"119"	0.329732473810771	0.219514122010225	0.137959794616495	0.0892815416213432	0.0593295641656418	0.164182503775502
"120"	0.329746889898109	0.219457076364101	0.137923861203085	0.0892713409541141	0.0593333636287295	0.164267467951865
"121"	0.329760535638289	0.219399136503372	0.137887814993608	0.0892612767531847	0.0593374015788387	0.164353834532714
"122"	0.329773435328615	0.219340299081184	0.137851653054375	0.0892513460718113	0.0593416755748929	0.164441590889124
"123"	0.329785614787504	0.219280559938707	0.137815369877241	0.0892415462628963	0.0593461829569868	0.164530726176657
"124"	0.329797104676507	0.219219916991976	0.137778961352302	0.0892318733265311	0.0593509198763044	0.164621223776351
"125"	0.329807931554634	0.219158365454111	0.137742422069258	0.089222324233329	0.0593558833180262	0.164713073370643
"126"	0.329818123383457	0.219095900296147	0.137705746988777	0.0892128957954403	0.0593610705867991	0.16480626294939
"127"	0.329827714174591	0.219032518993491	0.137668930724222	0.0892035837155655	0.059366477104109	0.164900775288029
"128"	0.329836736938113	0.218968216345053	0.13763196631048	0.0891943835930093	0.0593720993491259	0.164996597464214
"129"	0.329845223841706	0.218902987563337	0.137594848064448	0.0891852916850826	0.059377933309769	0.165093715535646
"130"	0.329853208946442	0.218836828662324	0.137557569547095	0.0891763037099498	0.0593839748684516	0.165192114265735
"131"	0.329860732397058	0.218769733919534	0.137520122466304	0.0891674139227951	0.0593902194068484	0.165291777887461
"132"	0.329867833816946	0.218701698888262	0.137482499735418	0.0891586174500997	0.0593966614836754	0.165392688625597
"133"	0.329874551213753	0.218632717658022	0.137444693410427	0.0891499088109107	0.059403297018683	0.165494831888205
"134"	0.329880927680501	0.218562784340702	0.137406695299393	0.0891412823573469	0.05941012023281	0.165598190089243
"135"	0.329887013027221	0.218491894213949	0.137368495287851	0.0891327311524102	0.0594171246000838	0.165702741718487
"136"	0.329892842978829	0.218420040685346	0.13733008644729	0.0891242504710809	0.0594243058149236	0.16580847360253
"137"	0.329898475779317	0.218347218006733	0.137291457899308	0.0891158320226375	0.0594316562092358	0.165915360082755
"138"	0.329903959192626	0.218273419962756	0.137252599552298	0.0891074687119883	0.0594391692326601	0.166023383347682
"139"	0.329909344457112	0.218198639756854	0.137213501862863	0.0890991534850846	0.0594468383903039	0.166132522047773
"140"	0.329914685261454	0.21812287154438	0.137174154258992	0.0890908786147302	0.0594546563048786	0.166242754015578
"141"	0.329920038291417	0.218046108330628	0.137134545636438	0.0890826359788725	0.059462615523129	0.166354056239521
"142"	0.329925462568909	0.217968344452985	0.137094665605573	0.0890744168522862	0.0594707076602133	0.166466402860027
"143"	0.329931009639532	0.217889572455394	0.137054503816827	0.0890662143592888	0.0594789258795377	0.166579773849428
"144"	0.329936740183039	0.217809786277292	0.137014049220422	0.0890580191917303	0.0594872615921281	0.166694143535422
"145"	0.329942718494227	0.217728979860603	0.136973289966654	0.0890498219316321	0.0594957057901752	0.166809483956711
"146"	0.329948992380766	0.21764714542335	0.136932217774763	0.0890416166089124	0.0595042520566488	0.166925775755553
"147"	0.329955632301344	0.217564278970061	0.136890820140301	0.0890333919317517	0.0595128899919644	0.167042986664586
"148"	0.32996269052348	0.217480374002301	0.136849088440974	0.0890251409562284	0.0595216120863591	0.167161093990664
"149"	0.329970223302426	0.217395423211737	0.136807013000644	0.0890168560839841	0.0595304106831055	0.167280073718098
"150"	0.329978287575329	0.217309423712434	0.1367645854043	0.0890085286049674	0.0595392770825713	0.167399897620397
"151"	0.329986934514897	0.217222369840592	0.136721797234206	0.0890001519640945	0.0595482035836625	0.167520542862536
"152"	0.329996216077225	0.217134257282324	0.136678641351245	0.088991718603428	0.0595571827940799	0.1676419838917
"153"	0.330006174323215	0.217045082122576	0.136635112716625	0.0889832235317311	0.0595662082730778	0.167764199032775
"154"	0.33001685657776	0.216954841071795	0.136591205425368	0.0889746604326611	0.0595752730964402	0.16788716339596
"155"	0.330028297203942	0.21686353161181	0.136546916222777	0.0889660250122339	0.0595843715888083	0.168010858360421
"156"	0.330040532711415	0.216771151802508	0.136502242466159	0.0889573131342229	0.0595934984419955	0.168135261443694
"157"	0.330053592752643	0.216677700748189	0.136457183345989	0.0889485214714633	0.05960264861127	0.168260353070454
"158"	0.330067498520227	0.216583176783823	0.136411739431555	0.0889396483163396	0.0596118188659862	0.168386118082063
"159"	0.330082269623643	0.216487581244447	0.13636591257005	0.0889306924676311	0.0596210062141298	0.168512537880086
"160"	0.330097919515813	0.216390914201803	0.136319706454456	0.0889216534641455	0.0596302078022679	0.168639598561525
"161"	0.3301144605614	0.216293176695484	0.13627312505847	0.0889125310433765	0.0596394220523142	0.168767284588947
"162"	0.330131884793731	0.216194371667015	0.136226177252577	0.0889033285214987	0.059648649859578	0.16889558790559
"163"	0.330150207627751	0.216094501415057	0.13617886820564	0.0888940451163169	0.0596578885398173	0.169024489095409
"164"	0.330169412919615	0.215993568069365	0.13613120850862	0.0888846856209811	0.059667141150563	0.169153983730873
"165"	0.330189495524145	0.215891576767748	0.136083209248633	0.0888752524894449	0.0596764082757934	0.169284057694238
"166"	0.330210445737612	0.215788529822006	0.136034881139111	0.0888657491722095	0.0596856918719582	0.169414702257106
"167"	0.330232256188142	0.215684432102457	0.135986236625535	0.0888561787133669	0.0596949935238011	0.169545902846696
"168"	0.330254912263186	0.215579286190938	0.135937288646552	0.0888465450809778	0.0597043166151106	0.16967765120325
"169"	0.330278400781716	0.215473097607059	0.135888051850781	0.0888368520542499	0.0597136640000988	0.169809933706096
"170"	0.330302709836233	0.215365868442196	0.135838540244572	0.0888271035179093	0.0597230390924865	0.169942738866599
"171"	0.330327827333758	0.215257601917894	0.135788768757095	0.0888173028266904	0.0597324453983319	0.170076053766232
"172"	0.330353739357929	0.215148301394326	0.135738753082133	0.0888074541833749	0.0597418870780335	0.170209864904203
"173"	0.330380426268606	0.215037968168892	0.135688509939239	0.0887975627124868	0.0597513694788311	0.170344163431952
"174"	0.330407873912395	0.214926603802445	0.135638055594175	0.0887876327053086	0.0597608972581568	0.170478936727528
"175"	0.330436050842378	0.214814207919353	0.135587408208758	0.0887776719760072	0.0597704782274281	0.170614182826093
"176"	0.330464929831447	0.214700779776671	0.135536586118427	0.0887676877190333	0.0597801194058048	0.170749897148609
"177"	0.330494463786953	0.214586317262421	0.135485609569918	0.0887576912561916	0.0597898311994691	0.170886086925042
"178"	0.330524594261511	0.214470817217186	0.135434500372408	0.0887476960674791	0.059799625734529	0.171022766346899
"179"	0.330555242620604	0.214354274605615	0.135383282258035	0.0887377198961925	0.0598095183321149	0.171159962287442
"180"	0.330586315470081	0.214236683406552	0.135331980152653	0.0887277835141388	0.0598195262987612	0.171297711157824
"181"	0.330617696448855	0.214118035539417	0.135280621017173	0.0887179119063324	0.0598296703982691	0.171436064689947
"182"	0.330649235424715	0.21399832302225	0.135229235143356	0.0887081365343271	0.0598399760311323	0.171575093844224
"183"	0.330680767006088	0.213877534470359	0.135177853127978	0.0886984914497891	0.0598504708206398	0.171714883125135
"184"	0.330712090571596	0.21375566002668	0.135126508844589	0.0886890170149444	0.0598611872333405	0.171855536308848
"185"	0.330742981023721	0.213632688099593	0.135075237309292	0.0886797573553518	0.0598721608474177	0.171997175364627
"186"	0.330773182556284	0.213508611959942	0.135024076446968	0.0886707610909601	0.0598834309022116	0.172139937043631
"187"	0.330802402932137	0.213383428045147	0.134973067972784	0.0886620818324395	0.0598950414880125	0.172283977729479
"188"	0.330830326174405	0.21325714195555	0.134922257141483	0.0886537765455312	0.0599070391211236	0.172429459061908
"189"	0.330856583201279	0.213129773964498	0.134871698508395	0.0886459083423742	0.059919476692114	0.172576559291335
"190"	0.33088076751083	0.213001366567095	0.134821454825491	0.0886385454147382	0.0599324107188736	0.172725454962965
"191"	0.330902384495748	0.212871994208879	0.134771608000947	0.0886317696463283	0.0599459076158297	0.172876336032272
"192"	0.330920805954257	0.212741776078462	0.134722264732006	0.0886256861929885	0.0599600484932823	0.173029418549005
"193"	0.33093516527809	0.212610889089188	0.134673573898104	0.0886204435532806	0.0599749420860506	0.173184986095294
"194"	0.330944219925487	0.21247958391895	0.134625748294524	0.0886162622837545	0.0599907405304684	0.173343445046811
"195"	0.330946103422919	0.212348200402235	0.134579109187895	0.0886134793060804	0.0600076708965045	0.173505436784367
"196"	0.33093786841311	0.212217214018008	0.134534190084658	0.0886126267348715	0.0600260932968158	0.173672007452526
"197"	0.330914375695612	0.212087378961455	0.134491991792622	0.0886146161483263	0.0600466438710849	0.173844993530893
"198"	0.330866018543147	0.211960083139662	0.134454492513397	0.0886211132775787	0.0600705271358927	0.174027765390305
"199"	0.330775224386721	0.211837926418244	0.134425400777776	0.0886351091026769	0.0600999640548231	0.174226375259768
"200"	0.330613940193688	0.211725140546574	0.134410670654365	0.0886613170328085	0.0601385166563888	0.174450414916176
"201"	0.330346783646261	0.211627059261926	0.134417797076602	0.0887056248730884	0.0601906938742809	0.17471204126786
"202"	0.329942867541018	0.211548212263528	0.134453288803012	0.088773138592067	0.0602604555056101	0.175022037294768
"203"	0.329391124689706	0.21148997656127	0.134519433944946	0.0888656781156576	0.0603492588115208	0.175384527876905
"204"	0.328707319403784	0.211449631040113	0.134612845448965	0.0889806347697492	0.0604551477817812	0.175794421555596
"205"	0.327926199627426	0.211421684834131	0.134726139998066	0.089112245296293	0.0605737347292585	0.176239995514819
"206"	0.327085784557594	0.211400326284277	0.134851257550804	0.0892541637980714	0.060700198789926	0.176708269019326
"207"	0.326215628141653	0.211381169603798	0.134981936878955	0.0894014127155335	0.0608307907129876	0.177189061947065
"208"	0.325333867855309	0.211361626234646	0.135114348397121	0.0895508991388055	0.0609632149205115	0.177676043453602
"209"	0.324450005137011	0.211340399590446	0.135246515327509	0.0897009709996061	0.061096275319322	0.178165833626099
"210"	0.323568660634611	0.211316871709364	0.135377515966746	0.0898507986615992	0.0612293922192936	0.17865676080839
"211"	0.322692157839142	0.211290713078462	0.135506920281938	0.0899999461030837	0.0613622710290694	0.179147991668308
"212"	0.321821775909875	0.211261724974774	0.135634509560631	0.090148163444637	0.0614947418526335	0.179639084257449
"213"	0.32095827347215	0.211229780260815	0.135760160557873	0.0902952981875144	0.0616266955257115	0.180129791995931
"214"	0.320102104884621	0.211194809696939	0.135883801373974	0.0904412559210636	0.061758057533204	0.180619970590219
"215"	0.319253520150724	0.211156790550832	0.136005395834682	0.0905859807439911	0.0618887775750893	0.181109535144681
"216"	0.318412644818375	0.211115736111493	0.136124929016374	0.0907294395002487	0.0620188204062579	0.181598430147253
"217"	0.317579500245589	0.211071684268768	0.136242405446895	0.0908716176071802	0.062148164838119	0.182086627593447
"218"	0.316754047854262	0.21102469210284	0.136357840728984	0.0910125110153883	0.0622767979771394	0.182574110321405
"219"	0.315936204229424	0.210974827028322	0.136471257471474	0.0911521232523149	0.0624047135209811	0.183060874497494
"220"	0.315125861591966	0.210922163075544	0.136582681690224	0.0912904622351142	0.0625319092203921	0.183546922186751
"221"	0.314322901706627	0.210866776343769	0.136692140570476	0.0914275377230555	0.0626583847498659	0.184032258906198
"222"	0.313527202957616	0.210808744255348	0.136799659726846	0.0915633600566283	0.0627841404468713	0.184516892556691
"223"	0.312738654795631	0.210748142885984	0.136905262717407	0.09169793774364	0.0629091760248523	0.185000825832481
"224"	0.311957152258417	0.210685046564723	0.137008971084784	0.0918312781903467	0.0630334903502582	0.185484061551466
"225"	0.311182608165743	0.210619527164023	0.137110802123714	0.0919633857744906	0.063157080301618	0.18596659647042
"226"	0.310414941532492	0.210551654146253	0.137210772349103	0.092094264031979	0.0632799424736576	0.186448425466521
"227"	0.309654092013149	0.210481494614958	0.137308894488667	0.0922239130903759	0.0634020704249319	0.186929535367916
"228"	0.308900006603847	0.210409115108537	0.137405180277481	0.0923523320930744	0.063523457319899	0.187409908597166
"229"	0.308152641943972	0.210334578060495	0.137499639831659	0.0924795183157305	0.0636440956302047	0.18788952621795
"230"	0.307411969315256	0.210257945180047	0.137592280886157	0.0926054672497219	0.0637639756163997	0.188368361752427
"231"	0.3066779507638	0.210179274827567	0.1376831123692	0.0927301763148032	0.0638830900903729	0.188846395634242
"232"	0.305950573387579	0.210098625412981	0.137772140887793	0.0928536390070634	0.0640014282303075	0.189323593074281
"233"	0.305229817685441	0.210016053987918	0.137859373323033	0.0929758499602644	0.0641189805266152	0.189799924516739
"234"	0.304515659787957	0.20993161479105	0.137944817391409	0.0930968053976921	0.0642357391952444	0.190275363436647
"235"	0.303808086175529	0.209845360891555	0.138028480488408	0.093216499936325	0.0643516950569074	0.190749877451291
"236"	0.303107072815741	0.209757345131718	0.138110370660856	0.0933349306402175	0.0644668412797698	0.191223439471689
"237"	0.302412596160418	0.209667619089309	0.138190497749189	0.0934520947570536	0.0645811708758708	0.191696021368164
"238"	0.301724626264796	0.209576231243392	0.138268871130175	0.0935679910340552	0.0646946790010266	0.192167601326567
"239"	0.301043131611025	0.209483232193225	0.138345502628999	0.0936826188968076	0.0648073608135722	0.192638153856363
"240"	0.300368072657297	0.209388669128448	0.138420404321981	0.0937959795954359	0.064919213417633	0.193107660879202
"241"	0.2996994022744	0.209292589425008	0.138493590099715	0.0939080757605839	0.0650302351679341	0.193576107272355
"242"	0.299037069819983	0.209195039439664	0.138565075005641	0.0940189113842173	0.0651404256111572	0.194043478739348
"243"	0.298381014230208	0.209096063107924	0.138634875563773	0.0941284924582582	0.0652497858667166	0.194509768773114
"244"	0.297731173508605	0.208995706342389	0.138703008711786	0.0942368250831708	0.0653583177315762	0.194974968622469
"245"	0.297087479319161	0.208894012930954	0.138769494074798	0.0943439173306297	0.0654660237047941	0.195439072639681
"246"	0.296449849948685	0.208791024536039	0.138834351234886	0.0944497793892176	0.065572909217375	0.195902085673798
"247"	0.295818208438914	0.208686783135754	0.138897600870096	0.0945544215677362	0.0656789787166081	0.196364007270889
"248"	0.295192464802165	0.208581330145446	0.138959265131123	0.0946578555270306	0.0657842390144652	0.196824845379775
"249"	0.294572534376515	0.208474705207222	0.139019366150719	0.0947600934954434	0.0658886964129929	0.197284604357105
"250"	0.293958322024329	0.208366948280901	0.139077927278243	0.0948611490362857	0.0659923586431367	0.197743294737104
"251"	0.293349732215507	0.208258097120115	0.13913497203791	0.0949610362029201	0.0660952340759141	0.198200928347643
"252"	0.292746668920584	0.208148189333712	0.139190524664668	0.0950597691106307	0.0661973310082004	0.198657516962202
"253"	0.292149031486057	0.208037261812387	0.139244609827508	0.0951573632042498	0.0662986587452689	0.199113074924515
"254"	0.291556721161479	0.207925348631438	0.139297251702938	0.0952538339270781	0.0663992267486728	0.19956761782839
"255"	0.290969637982926	0.207812485835783	0.139348474982614	0.0953491965785295	0.0664990442261295	0.200021160394017
"256"	0.290387682295559	0.207698707501251	0.139398304205181	0.0954434667389871	0.0665981208203057	0.200473718438715
"257"	0.289810753603673	0.207584044835114	0.139446764023436	0.095536660753883	0.0666964667384423	0.200925310045452
"258"	0.289238755541697	0.207468530558678	0.139493878398735	0.0956287941012465	0.0667940912337956	0.201375950165842
"259"	0.288671590637114	0.207352196162705	0.139539671684783	0.0957198821864006	0.0668910042051658	0.201825655123835
"260"	0.288109165754275	0.207235071827891	0.139584167419722	0.0958099405421116	0.0669872145841352	0.202274439871872
"261"	0.287551386308522	0.207117185362789	0.139627388647096	0.0958989843931962	0.0670827325682381	0.202722322720158
"262"	0.28699816232478	0.206998566883209	0.139669358525473	0.095987028933722	0.0671775666435049	0.203169316689307
"263"	0.286449403419082	0.206879242485957	0.13971009946142	0.0960740892693715	0.0672717267068583	0.203615438657315
"264"	0.285905027319578	0.206759240498407	0.139749633591624	0.0961601788583337	0.0673652202681275	0.20406069946393
"265"	0.285364946469869	0.206638585558582	0.139787982084626	0.0962453128571559	0.0674580569875473	0.204505116042234
"266"	0.284829083183363	0.206517303738668	0.139825166174705	0.0963295044751983	0.0675502444199007	0.204948698008145
"267"	0.284297357342096	0.206395419212356	0.13986120633398	0.0964127672033433	0.0676417909379553	0.205391458970259
"268"	0.283769694571544	0.206272956240058	0.139896122272143	0.0964951140647547	0.0677327038353773	0.205833409016125
"269"	0.283246024458934	0.206149938647329	0.13992993374979	0.0965765571371097	0.0678229904049414	0.2062745556019
"270"	0.282726270750585	0.206026387207519	0.139962659518218	0.0966571098538949	0.0679126587274814	0.206714913942295
"271"	0.282210370397551	0.205902325345027	0.139994318404686	0.0967367835476313	0.0680017149025914	0.20715448740252
"272"	0.28169825508243	0.20577777366971	0.140024927815175	0.0968155899864075	0.0680901659244229	0.207593287521857
"273"	0.28118986302143	0.205652752775364	0.140054505634749	0.0968935403104902	0.0681780183073814	0.208031319950583
"274"	0.280685133690085	0.205527284167682	0.140083068896764	0.096970645708246	0.0682652779426886	0.208468589594548
"275"	0.280184009680358	0.205401386002182	0.140110633907358	0.0970469161610213	0.0683519509614835	0.208905103287591
"276"	0.279686430360733	0.205275077593076	0.140137217302653	0.0971223630805524	0.068438043411612	0.209340868251387
"277"	0.279192347673156	0.205148379093807	0.140162834605924	0.0971969955197992	0.0685235600074148	0.209775883099896
"278"	0.278701703069652	0.205021306521599	0.140187501309421	0.0972708240536179	0.0686085071658092	0.210210157879886
"279"	0.278214450370569	0.20489387940308	0.140211232188875	0.0973438574701807	0.0686928893100465	0.210643691257229
"280"	0.277730540665772	0.204766114929737	0.140234042372783	0.0974161053370538	0.0687767113557867	0.211076485338881
"281"	0.277249925574282	0.204638029518932	0.140255945366055	0.0974875767805287	0.06885997874454	0.211508544015653
"282"	0.276772559250253	0.204509639528264	0.140276955862159	0.0975582804656955	0.0689426958524937	0.211939869041121
"283"	0.276298398818169	0.204380961518348	0.14029708700832	0.0976282248777542	0.0690248671262217	0.212370460651184
"284"	0.275827403506587	0.204252011053826	0.140316352411789	0.0976974183161074	0.069106496972259	0.212800317739434
"285"	0.275359529244863	0.204122804447523	0.140334765153909	0.0977658693149288	0.0691875898942765	0.213229441944495
"286"	0.274894737944415	0.203993355050229	0.140352337815559	0.097833585895206	0.0692681499347702	0.213657833359812
"287"	0.274432990016712	0.203863678537043	0.140369083123326	0.097900575606001	0.0693481813165461	0.214085491400381
"288"	0.273974253168241	0.203733790771807	0.140385013197936	0.0979668458927565	0.0694276871922017	0.214512409777064
"289"	0.273518483203993	0.203603703537748	0.140400140178803	0.098032405026382	0.0695066726602448	0.214938595392846
"290"	0.273065652462251	0.20347343239804	0.140414475842991	0.0980972595692249	0.069585140378444	0.215364039349043
"291"	0.272615721371466	0.203342989546878	0.140428031612597	0.0981614178757998	0.0696630950242754	0.215788744568982
"292"	0.272168659608316	0.203212389045914	0.140440818939453	0.0982248860078458	0.0697405394235608	0.216212706974905
"293"	0.271724433570626	0.203081643775259	0.140452849058354	0.0982876716604998	0.0698174775303048	0.216635924404953
"294"	0.271283015213293	0.202950767340659	0.140464133195471	0.0983497814361991	0.0698939122560227	0.217058390558359
"295"	0.270844370533861	0.2028197707012	0.140474681577656	0.0984112223553967	0.0699698477465565	0.217480107085319
"296"	0.270408470823535	0.202688667224107	0.140484505160517	0.0984720010807362	0.0700452870843399	0.21790106862677
"297"	0.269975286003002	0.202557468127906	0.140493614443949	0.0985321242237547	0.0701202333174299	0.218321273883954
"298"	0.269544790964686	0.202426186930254	0.140502019542847	0.0985915981862288	0.0701946894257512	0.218740714950233
"299"	0.269116955693611	0.202294833370213	0.140509730921582	0.0986504298600227	0.0702686591649233	0.219159390989638
"300"	0.268691756384661	0.20216342047799	0.140516757895906	0.0987086244504728	0.0703421447546918	0.219577296036278
"301"	0.268269163320579	0.202031958479373	0.140523110645992	0.0987661896466254	0.0704151498960178	0.219994428011408
"302"	0.267849153742992	0.20190045921441	0.140528799002093	0.0988231307136263	0.0704876772748996	0.220410780051975
"303"	0.267431699629438	0.201768932138057	0.140533832261847	0.0988794543372933	0.0705597302720029	0.220826351361347
"304"	0.267016779637454	0.201637389481366	0.140538220207256	0.0989351662307195	0.0706313109680486	0.221241133475156
"305"	0.266604367687521	0.20150584142173	0.140541971756129	0.0989902726395636	0.0707024227919971	0.221655123703057
"306"	0.26619444189003	0.201374297603831	0.140545095689572	0.099044779553571	0.0707730683830397	0.222068316879946
"307"	0.26578697997491	0.201242769506943	0.140547601852911	0.0990986921651864	0.0708432501060838	0.222480706393968
"308"	0.26538196052864	0.201111267376679	0.140549498716575	0.0991520170428815	0.0709129705068709	0.222892285828364
"309"	0.264979359412391	0.200979800044936	0.140550794989373	0.0992047595382084	0.0709822328925136	0.223303053122572
"310"	0.264579155979376	0.200848377041847	0.140551499745957	0.099256925594394	0.0710510396722179	0.223713001966202
"311"	0.264181332237255	0.200717011088299	0.14055162116209	0.0993085207926606	0.0711193925992698	0.224122122120427
"312"	0.263785862832287	0.20058570789819	0.140551167951541	0.0993595505797487	0.0711872952609558	0.224530415477274
"313"	0.263392730591599	0.200454478889657	0.140550147930297	0.0994100203528834	0.0712547495487599	0.224937872686809
"314"	0.263001919455018	0.200323334826278	0.140548570110636	0.0994599361426492	0.0713217575166985	0.225344481948734
"315"	0.262613407064728	0.200192283877316	0.14054644243933	0.0995093024602165	0.071388321562536	0.225750242595892
"316"	0.26222717473455	0.20006133429464	0.140543772650287	0.0995581255462527	0.071454444814333	0.226155147959938
"317"	0.261843204054085	0.199930496113713	0.140540568557379	0.0996064099967451	0.0715201287654997	0.226559192512563
"318"	0.261461480635547	0.19979977896314	0.140536838726531	0.099654161338305	0.0715853753271295	0.226962365009342
"319"	0.261081984296874	0.199669191908948	0.140532590883465	0.0997013851290368	0.0716501874579255	0.227364660323744
"320"	0.260704701037558	0.199538743964669	0.140527831673118	0.0997480858400778	0.0717145664607717	0.227766071023813
"321"	0.260329612454355	0.1994084432699	0.140522570439138	0.0997942688050259	0.0717785145630443	0.228166590468543
"322"	0.259956701820089	0.199278299136096	0.140516813235159	0.0998399392633282	0.0718420344897941	0.22856621205553
"323"	0.259585958726707	0.199148321822187	0.140510568084937	0.0998851015238102	0.0719051270838814	0.228964922758448
"324"	0.259217354372966	0.199018515736955	0.140503841150484	0.0999297626478404	0.0719677961255816	0.229362729966164
"325"	0.258850898127987	0.198888896747633	0.140496642667873	0.0999739238395224	0.0720300401259317	0.229759598491059
"326"	0.258486550558391	0.198759466482966	0.140488977467079	0.100017593344496	0.0720918644887399	0.230155547658318
"327"	0.258124308974246	0.198630237443597	0.14048085219706	0.100060774755934	0.072153269443699	0.230550557185458
"328"	0.257764163333839	0.19850121757283	0.14047227626522	0.100103471924081	0.072214256363654	0.230944614540367
"329"	0.257406096459626	0.198372415441361	0.140463254856518	0.100145689950904	0.0722748275264306	0.231337715765163
"330"	0.257050094857507	0.198243840901531	0.140453795105464	0.100187434089523	0.0723349838054465	0.231729851240521
"331"	0.256696147417674	0.198115500391027	0.140443904251528	0.100228708317938	0.0723947275936066	0.232121012028214
"332"	0.256344237737333	0.197987403006024	0.140433588531441	0.100269517838017	0.0724540606266475	0.232511192260531
"333"	0.255994359129385	0.197859558385986	0.140422855297552	0.100309866820756	0.0725129837420213	0.232900376624299
"334"	0.255646500538655	0.197731973829519	0.140411711205191	0.100349758984339	0.0725714986678764	0.233288556774427
"335"	0.255300648578309	0.197604658797491	0.140400161909451	0.100389199106569	0.0726296067692055	0.233675724838971
"336"	0.254956795589029	0.197477621673403	0.140388215670473	0.100428191407305	0.0726873094476926	0.234061866212097
"337"	0.254614933987759	0.197350872933823	0.140375878198135	0.10046673952759	0.0727446072094652	0.234446968143225
"338"	0.254275046314734	0.197224417190203	0.140363155055251	0.100504848748478	0.0728015026781153	0.234831030013212
"339"	0.253937126088766	0.197098264625906	0.140350053568225	0.10054252295653	0.0728579966521997	0.235214036108373
"340"	0.253601163004548	0.196972424424353	0.140336579567631	0.100579766471039	0.0729140906723933	0.235595975860032
"341"	0.253267151219401	0.196846904820768	0.140322738826758	0.100616582334637	0.0729697850554332	0.235976837743006
"342"	0.252935083185247	0.196721713915272	0.140308539045203	0.100652975091656	0.0730250814305922	0.236356607332028
"343"	0.252604945402739	0.19659686093923	0.140293985160373	0.100688949478303	0.0730799807571536	0.236735278262201
"344"	0.252276734194641	0.196472352351047	0.140279083783709	0.100724507528142	0.0731344845646077	0.23711283757785
"345"	0.251950446796056	0.196348200511533	0.140263841604629	0.100759654023013	0.0731885929251011	0.237489264139667
"346"	0.251626065657776	0.196224409189524	0.140248262992925	0.1007943930265	0.0732423078299237	0.237864561303348
"347"	0.251303587714928	0.196100988810611	0.140232355046441	0.100828728043297	0.0732956303557133	0.238238710029009
